kmer frequency	Number of kmers int his category
1	501138
2	256402
3	236046
4	212131
5	185237
6	157447
7	133018
8	112310
9	94101
10	79030
11	66978
12	57030
13	48819
14	41870
15	36750
16	31942
17	28085
18	24812
19	22275
20	20307
21	18432
22	17172
23	16148
24	15100
25	14181
26	13593
27	12896
28	12264
29	11915
30	11634
31	11468
32	11221
33	10941
34	10718
35	10662
36	10345
37	10051
38	10085
39	9981
40	9734
41	9676
42	9707
43	9646
44	9616
45	9567
46	9637
47	9631
48	9652
49	9680
50	9634
51	9831
52	9699
53	9982
54	9976
55	10114
56	10079
57	10390
58	10528
59	10416
60	10779
61	10860
62	11117
63	11175
64	11540
65	11719
66	11960
67	12108
68	12429
69	12674
70	12912
71	13152
72	13294
73	13483
74	13864
75	13934
76	14246
77	14392
78	14611
79	14719
80	15009
81	15135
82	15381
83	15511
84	15497
85	15701
86	15750
87	16046
88	15806
89	16136
90	16348
91	16231
92	16260
93	16516
94	16354
95	16546
96	16228
97	16181
98	16118
99	15956
100	15674
101	15752
102	15586
103	14950
104	14798
105	14525
106	14108
107	14188
108	13716
109	13229
110	13077
111	12636
112	12391
113	12124
114	11793
115	11483
116	11304
117	11026
118	10549
119	10290
120	10133
121	9848
122	9535
123	9009
124	8859
125	8674
126	8504
127	8276
128	7924
129	7753
130	7546
131	7467
132	7309
133	7079
134	6781
135	6717
136	6593
137	6506
138	6435
139	6334
140	6350
141	5956
142	6044
143	6043
144	5846
145	5829
146	5747
147	5820
148	5784
149	5676
150	5514
151	5464
152	5467
153	5651
154	5696
155	5376
156	5421
157	5379
158	5429
159	5328
160	5366
161	5319
162	5206
163	5261
164	5280
165	5400
166	5429
167	5248
168	5187
169	5120
170	5142
171	5179
172	5088
173	5109
174	4996
175	4979
176	5114
177	5105
178	5098
179	4847
180	4879
181	5017
182	4971
183	4885
184	4735
185	4691
186	4838
187	4629
188	4634
189	4614
190	4576
191	4435
192	4669
193	4465
194	4292
195	4431
196	4303
197	4245
198	4174
199	4166
200	4050
201	4087
202	3885
203	3891
204	3977
205	3736
206	3862
207	3657
208	3662
209	3608
210	3487
211	3560
212	3436
213	3391
214	3269
215	3256
216	3255
217	3185
218	3205
219	3100
220	3056
221	3012
222	2988
223	2956
224	2894
225	2923
226	2905
227	2775
228	2717
229	2636
230	2745
231	2690
232	2616
233	2548
234	2584
235	2537
236	2386
237	2460
238	2374
239	2374
240	2356
241	2275
242	2377
243	2211
244	2285
245	2147
246	2301
247	2121
248	2136
249	2133
250	2101
251	2111
252	2152
253	2107
254	2085
255	2008
256	2030
257	1954
258	1997
259	1890
260	1905
261	1929
262	1877
263	1881
264	1841
265	1751
266	1904
267	1774
268	1736
269	1822
270	1780
271	1831
272	1718
273	1738
274	1743
275	1712
276	1747
277	1663
278	1574
279	1657
280	1694
281	1601
282	1562
283	1580
284	1571
285	1568
286	1473
287	1435
288	1479
289	1468
290	1396
291	1404
292	1436
293	1371
294	1401
295	1412
296	1424
297	1348
298	1389
299	1294
300	1302
301	1232
302	1218
303	1246
304	1279
305	1273
306	1208
307	1240
308	1194
309	1196
310	1175
311	1171
312	1143
313	1143
314	1131
315	1066
316	1126
317	1064
318	1114
319	1069
320	1048
321	1043
322	1029
323	985
324	979
325	967
326	961
327	964
328	922
329	951
330	908
331	923
332	920
333	918
334	964
335	908
336	863
337	887
338	863
339	917
340	863
341	884
342	866
343	777
344	825
345	794
346	825
347	791
348	807
349	768
350	751
351	766
352	743
353	785
354	743
355	730
356	723
357	676
358	680
359	700
360	702
361	720
362	726
363	685
364	697
365	667
366	690
367	657
368	675
369	617
370	638
371	634
372	609
373	633
374	630
375	654
376	646
377	595
378	620
379	605
380	584
381	577
382	574
383	552
384	606
385	574
386	551
387	539
388	537
389	529
390	538
391	538
392	568
393	523
394	511
395	550
396	538
397	553
398	503
399	524
400	499
401	525
402	502
403	500
404	487
405	448
406	453
407	470
408	504
409	438
410	479
411	426
412	430
413	427
414	443
415	452
416	394
417	443
418	411
419	418
420	460
421	397
422	398
423	424
424	386
425	429
426	362
427	378
428	350
429	379
430	412
431	378
432	353
433	393
434	343
435	355
436	351
437	343
438	354
439	374
440	367
441	347
442	354
443	321
444	316
445	314
446	348
447	323
448	352
449	324
450	331
451	340
452	306
453	313
454	299
455	340
456	299
457	333
458	315
459	288
460	300
461	290
462	279
463	278
464	327
465	284
466	295
467	287
468	264
469	238
470	259
471	299
472	284
473	280
474	294
475	233
476	253
477	235
478	248
479	277
480	269
481	252
482	247
483	223
484	224
485	264
486	259
487	248
488	238
489	225
490	203
491	240
492	231
493	242
494	229
495	253
496	220
497	202
498	224
499	246
500	220
501	231
502	214
503	221
504	205
505	210
506	191
507	209
508	183
509	187
510	223
511	200
512	222
513	198
514	181
515	224
516	174
517	194
518	189
519	198
520	185
521	170
522	171
523	221
524	192
525	185
526	185
527	190
528	173
529	179
530	177
531	169
532	170
533	171
534	140
535	177
536	161
537	158
538	166
539	170
540	185
541	169
542	160
543	157
544	161
545	152
546	144
547	160
548	156
549	144
550	166
551	130
552	145
553	152
554	149
555	148
556	171
557	148
558	178
559	133
560	145
561	117
562	143
563	140
564	147
565	125
566	138
567	128
568	117
569	115
570	169
571	129
572	130
573	162
574	108
575	124
576	106
577	120
578	139
579	125
580	115
581	139
582	110
583	148
584	124
585	133
586	130
587	131
588	113
589	112
590	128
591	141
592	112
593	115
594	144
595	123
596	117
597	103
598	113
599	105
600	109
601	120
602	94
603	120
604	106
605	114
606	108
607	120
608	86
609	100
610	104
611	119
612	93
613	88
614	101
615	104
616	109
617	101
618	74
619	84
620	81
621	107
622	89
623	93
624	91
625	84
626	111
627	77
628	102
629	80
630	104
631	108
632	94
633	94
634	74
635	93
636	90
637	95
638	103
639	87
640	87
641	67
642	89
643	78
644	93
645	99
646	72
647	85
648	85
649	102
650	78
651	78
652	95
653	73
654	92
655	71
656	70
657	83
658	76
659	69
660	80
661	69
662	68
663	61
664	80
665	100
666	55
667	59
668	84
669	57
670	79
671	70
672	89
673	69
674	71
675	78
676	73
677	74
678	77
679	67
680	75
681	59
682	72
683	85
684	87
685	65
686	71
687	65
688	59
689	52
690	60
691	61
692	56
693	66
694	70
695	60
696	81
697	53
698	70
699	74
700	57
701	62
702	67
703	57
704	57
705	57
706	63
707	64
708	47
709	62
710	64
711	57
712	65
713	69
714	67
715	59
716	45
717	58
718	75
719	54
720	56
721	52
722	60
723	40
724	48
725	51
726	42
727	42
728	64
729	46
730	53
731	60
732	58
733	61
734	60
735	44
736	49
737	51
738	51
739	50
740	44
741	50
742	54
743	57
744	39
745	48
746	41
747	53
748	52
749	59
750	53
751	47
752	46
753	47
754	57
755	44
756	54
757	27
758	44
759	58
760	56
761	63
762	49
763	38
764	45
765	44
766	39
767	40
768	59
769	37
770	51
771	62
772	54
773	41
774	49
775	35
776	52
777	39
778	41
779	35
780	43
781	50
782	41
783	26
784	35
785	47
786	55
787	34
788	42
789	48
790	45
791	37
792	44
793	39
794	45
795	43
796	35
797	46
798	33
799	32
800	44
801	39
802	42
803	47
804	33
805	26
806	37
807	43
808	26
809	55
810	42
811	42
812	45
813	37
814	51
815	28
816	34
817	38
818	39
819	33
820	45
821	38
822	35
823	33
824	32
825	34
826	36
827	35
828	45
829	38
830	35
831	27
832	34
833	34
834	40
835	39
836	36
837	38
838	40
839	31
840	26
841	34
842	37
843	28
844	26
845	29
846	27
847	35
848	20
849	35
850	33
851	36
852	43
853	35
854	39
855	31
856	45
857	32
858	29
859	29
860	32
861	22
862	30
863	21
864	54
865	33
866	32
867	37
868	44
869	32
870	27
871	29
872	27
873	37
874	32
875	34
876	41
877	35
878	33
879	28
880	37
881	32
882	28
883	16
884	30
885	36
886	29
887	35
888	36
889	29
890	31
891	28
892	30
893	37
894	17
895	39
896	29
897	25
898	27
899	25
900	24
901	23
902	24
903	25
904	27
905	27
906	35
907	29
908	38
909	34
910	33
911	25
912	32
913	29
914	20
915	26
916	24
917	28
918	21
919	17
920	20
921	27
922	25
923	38
924	30
925	30
926	26
927	28
928	27
929	22
930	29
931	25
932	23
933	27
934	23
935	27
936	29
937	21
938	26
939	17
940	27
941	32
942	23
943	21
944	21
945	28
946	26
947	27
948	19
949	27
950	21
951	28
952	32
953	24
954	19
955	29
956	23
957	17
958	17
959	24
960	17
961	23
962	19
963	27
964	22
965	24
966	21
967	21
968	28
969	15
970	26
971	27
972	25
973	22
974	23
975	21
976	22
977	28
978	28
979	23
980	25
981	15
982	17
983	16
984	26
985	26
986	14
987	29
988	17
989	17
990	29
991	26
992	19
993	24
994	20
995	23
996	22
997	20
998	20
999	24
1000	23
1001	25
1002	26
1003	28
1004	24
1005	21
1006	23
1007	19
1008	17
1009	20
1010	29
1011	16
1012	28
1013	25
1014	26
1015	11
1016	15
1017	21
1018	18
1019	21
1020	19
1021	21
1022	27
1023	23
1024	24
1025	16
1026	17
1027	22
1028	20
1029	20
1030	22
1031	17
1032	18
1033	15
1034	12
1035	13
1036	9
1037	16
1038	10
1039	20
1040	20
1041	22
1042	10
1043	15
1044	18
1045	15
1046	18
1047	17
1048	13
1049	20
1050	17
1051	16
1052	10
1053	21
1054	23
1055	12
1056	18
1057	20
1058	14
1059	15
1060	12
1061	22
1062	21
1063	19
1064	19
1065	16
1066	19
1067	12
1068	12
1069	28
1070	17
1071	17
1072	24
1073	20
1074	15
1075	19
1076	20
1077	13
1078	18
1079	17
1080	14
1081	22
1082	15
1083	16
1084	23
1085	13
1086	13
1087	21
1088	19
1089	17
1090	14
1091	24
1092	15
1093	18
1094	14
1095	21
1096	19
1097	18
1098	16
1099	17
1100	15
1101	18
1102	13
1103	9
1104	14
1105	12
1106	20
1107	12
1108	17
1109	17
1110	9
1111	11
1112	18
1113	14
1114	19
1115	11
1116	8
1117	11
1118	18
1119	13
1120	16
1121	19
1122	10
1123	12
1124	13
1125	19
1126	12
1127	13
1128	20
1129	10
1130	16
1131	17
1132	8
1133	16
1134	11
1135	20
1136	16
1137	22
1138	14
1139	10
1140	16
1141	14
1142	15
1143	20
1144	15
1145	16
1146	16
1147	10
1148	16
1149	13
1150	21
1151	19
1152	16
1153	11
1154	11
1155	11
1156	12
1157	12
1158	11
1159	17
1160	8
1161	9
1162	7
1163	14
1164	14
1165	18
1166	6
1167	16
1168	13
1169	10
1170	8
1171	14
1172	14
1173	13
1174	9
1175	7
1176	14
1177	7
1178	12
1179	12
1180	16
1181	6
1182	13
1183	3
1184	7
1185	13
1186	8
1187	9
1188	12
1189	13
1190	9
1191	17
1192	17
1193	5
1194	14
1195	9
1196	12
1197	17
1198	7
1199	8
1200	14
1201	7
1202	19
1203	8
1204	9
1205	10
1206	11
1207	18
1208	12
1209	13
1210	12
1211	8
1212	4
1213	13
1214	4
1215	5
1216	9
1217	6
1218	9
1219	11
1220	17
1221	10
1222	10
1223	10
1224	9
1225	15
1226	8
1227	18
1228	9
1229	11
1230	11
1231	17
1232	9
1233	6
1234	10
1235	5
1236	15
1237	14
1238	7
1239	15
1240	7
1241	10
1242	8
1243	3
1244	10
1245	14
1246	16
1247	16
1248	4
1249	16
1250	14
1251	13
1252	10
1253	9
1254	13
1255	12
1256	15
1257	7
1258	6
1259	7
1260	12
1261	12
1262	12
1263	12
1264	10
1265	12
1266	9
1267	6
1268	7
1269	9
1270	10
1271	6
1272	11
1273	10
1274	7
1275	6
1276	11
1277	13
1278	14
1279	7
1280	8
1281	8
1282	7
1283	5
1284	5
1285	9
1286	13
1287	6
1288	7
1289	13
1290	10
1291	14
1292	6
1293	5
1294	9
1295	8
1296	5
1297	9
1298	6
1299	10
1300	6
1301	6
1302	10
1303	10
1304	13
1305	5
1306	4
1307	6
1308	13
1309	12
1310	6
1311	7
1312	7
1313	14
1314	18
1315	5
1316	4
1317	9
1318	9
1319	11
1320	7
1321	10
1322	17
1323	5
1324	2
1325	7
1326	10
1327	9
1328	6
1329	7
1330	4
1331	13
1332	14
1333	8
1334	9
1335	10
1336	13
1337	7
1338	12
1339	10
1340	13
1341	14
1342	12
1343	10
1344	5
1345	6
1346	13
1347	9
1348	12
1349	8
1350	16
1351	7
1352	10
1353	12
1354	13
1355	4
1356	5
1357	12
1358	8
1359	6
1360	9
1361	9
1362	6
1363	3
1364	8
1365	5
1366	7
1367	4
1368	9
1369	9
1370	8
1371	3
1372	6
1373	9
1374	6
1375	12
1376	6
1377	8
1378	8
1379	8
1380	6
1381	9
1382	5
1383	5
1384	6
1385	9
1386	7
1387	5
1388	6
1389	7
1390	8
1391	6
1392	6
1393	12
1394	7
1395	6
1396	7
1397	9
1398	2
1399	7
1400	7
1401	6
1402	8
1403	9
1404	6
1405	4
1406	6
1407	10
1408	8
1409	7
1410	4
1411	3
1412	11
1413	13
1414	12
1415	8
1416	7
1417	9
1418	10
1419	15
1420	11
1421	10
1422	6
1423	7
1424	8
1425	11
1426	4
1427	5
1428	7
1429	7
1430	8
1431	10
1432	9
1433	7
1434	9
1435	5
1436	5
1437	11
1438	16
1439	9
1440	5
1441	7
1442	11
1443	7
1444	13
1445	10
1446	6
1447	8
1448	8
1449	4
1450	3
1451	8
1452	9
1453	9
1454	9
1455	6
1456	6
1457	5
1458	7
1459	10
1460	2
1461	6
1462	7
1463	7
1464	6
1465	8
1466	6
1467	12
1468	8
1469	1
1470	8
1471	9
1472	6
1473	7
1474	8
1475	14
1476	7
1477	7
1478	8
1479	9
1480	10
1481	5
1482	13
1483	8
1484	5
1485	7
1486	4
1487	4
1488	9
1489	7
1490	7
1491	11
1492	8
1493	4
1494	2
1495	8
1496	5
1497	7
1498	4
1499	5
1500	6
1501	11
1502	10
1503	8
1504	6
1505	4
1506	13
1507	6
1508	8
1509	6
1510	10
1511	6
1512	10
1513	6
1514	8
1515	10
1516	6
1517	6
1518	13
1519	7
1520	15
1521	4
1522	5
1523	11
1524	9
1525	10
1526	5
1527	9
1528	1
1529	3
1530	11
1531	8
1532	7
1533	6
1534	5
1535	7
1536	6
1537	13
1538	8
1539	6
1540	6
1541	8
1542	7
1543	6
1544	3
1545	7
1546	7
1547	3
1548	10
1549	4
1550	5
1551	7
1552	10
1553	6
1554	3
1555	11
1556	7
1557	5
1558	3
1559	4
1560	5
1561	3
1562	6
1563	5
1564	6
1565	9
1566	3
1567	3
1568	8
1569	11
1570	9
1571	8
1572	8
1573	5
1574	6
1575	6
1576	2
1577	5
1578	5
1579	3
1580	5
1581	6
1582	4
1583	4
1584	10
1585	4
1586	7
1587	7
1588	6
1589	11
1590	3
1591	3
1592	8
1593	9
1594	12
1595	7
1596	6
1597	4
1598	12
1599	5
1600	6
1601	5
1602	8
1603	8
1604	10
1605	8
1606	5
1607	12
1608	9
1609	6
1610	7
1611	11
1612	12
1613	5
1614	5
1615	4
1616	8
1617	3
1618	7
1619	4
1620	6
1621	6
1622	8
1623	11
1624	4
1625	5
1626	7
1627	8
1628	9
1629	5
1630	8
1631	6
1632	5
1633	5
1634	6
1635	4
1636	6
1637	1
1638	13
1639	6
1640	4
1641	3
1642	4
1643	5
1644	3
1645	6
1646	3
1647	11
1648	12
1649	6
1650	4
1651	4
1652	6
1653	11
1654	11
1655	7
1656	7
1657	5
1658	8
1659	3
1660	7
1661	6
1662	5
1663	4
1664	6
1665	5
1666	14
1667	4
1668	6
1669	3
1670	5
1671	9
1672	4
1674	7
1675	5
1676	6
1677	4
1678	4
1679	4
1680	3
1681	10
1682	3
1683	7
1684	5
1685	8
1686	5
1687	6
1688	1
1689	7
1690	2
1691	6
1692	8
1693	7
1694	5
1695	7
1696	4
1697	7
1698	7
1699	6
1700	3
1701	5
1702	4
1703	4
1704	2
1705	8
1706	10
1707	14
1708	5
1709	8
1710	7
1711	6
1712	7
1713	9
1714	5
1715	9
1716	9
1717	5
1718	3
1719	4
1720	3
1721	4
1722	3
1723	5
1724	8
1725	9
1726	1
1727	8
1728	3
1729	11
1730	6
1731	8
1732	7
1733	2
1734	3
1735	5
1736	6
1737	3
1738	7
1739	7
1740	8
1741	8
1742	11
1743	6
1744	9
1745	7
1746	5
1747	3
1748	4
1749	6
1750	5
1751	3
1752	5
1753	9
1754	3
1755	1
1756	3
1757	3
1758	6
1759	2
1760	7
1761	9
1762	1
1763	10
1764	6
1765	5
1766	4
1767	1
1768	3
1769	2
1770	5
1771	5
1772	6
1773	4
1774	7
1775	5
1776	5
1777	5
1778	6
1779	4
1780	1
1781	4
1782	2
1783	4
1784	2
1785	4
1786	10
1787	7
1788	2
1789	3
1790	3
1791	2
1792	6
1793	4
1794	5
1795	4
1796	5
1797	6
1798	2
1799	6
1800	3
1801	3
1802	4
1803	4
1804	4
1805	3
1806	3
1807	1
1808	2
1809	4
1810	3
1811	4
1812	4
1813	2
1814	4
1815	7
1816	2
1817	6
1818	4
1819	3
1820	3
1821	5
1822	2
1823	5
1824	4
1825	1
1826	4
1827	5
1828	2
1829	2
1830	7
1831	2
1832	6
1833	1
1834	2
1835	2
1836	2
1837	1
1838	11
1839	8
1840	1
1841	5
1842	8
1843	4
1844	5
1845	3
1846	3
1847	4
1849	3
1850	5
1851	7
1852	2
1853	5
1854	5
1855	5
1856	1
1857	8
1858	3
1859	8
1860	8
1861	9
1862	7
1863	4
1864	5
1865	2
1866	2
1867	4
1868	3
1869	1
1870	3
1871	2
1872	6
1873	3
1874	3
1875	2
1876	5
1877	6
1878	8
1879	4
1880	2
1881	4
1882	4
1883	1
1884	8
1885	3
1886	6
1887	2
1888	8
1889	4
1890	5
1891	7
1892	9
1893	3
1894	4
1895	2
1896	6
1897	6
1898	4
1899	6
1900	6
1901	4
1902	2
1904	8
1905	4
1906	6
1907	4
1908	4
1909	3
1910	1
1911	5
1912	4
1913	8
1914	6
1915	8
1916	5
1917	8
1918	4
1919	6
1920	5
1921	4
1922	6
1923	6
1924	2
1925	4
1926	8
1927	4
1928	3
1929	3
1930	3
1931	5
1932	3
1933	1
1934	4
1935	3
1936	3
1937	1
1938	3
1939	4
1940	5
1941	6
1942	9
1943	5
1944	5
1945	2
1946	3
1947	4
1948	3
1949	6
1950	3
1951	2
1952	5
1953	9
1954	8
1955	2
1956	3
1957	1
1958	2
1959	3
1960	4
1961	3
1962	5
1963	5
1964	7
1965	3
1966	4
1967	4
1968	5
1969	5
1970	7
1971	6
1972	5
1973	6
1974	2
1975	2
1976	6
1977	7
1978	3
1979	3
1980	4
1981	2
1982	5
1983	4
1984	2
1985	7
1986	4
1987	10
1988	4
1989	4
1990	7
1991	5
1992	3
1993	3
1994	2
1995	5
1996	2
1997	5
1998	2
1999	6
2000	7
2001	2
2002	3
2003	4
2004	5
2005	2
2006	2
2007	4
2008	4
2009	4
2010	1
2011	3
2012	4
2013	6
2014	1
2015	2
2016	5
2017	4
2018	3
2019	2
2020	3
2021	4
2022	3
2023	1
2024	3
2025	6
2026	2
2027	3
2028	2
2029	7
2030	5
2031	5
2032	2
2033	1
2035	2
2037	1
2038	4
2041	3
2042	4
2043	5
2045	3
2046	6
2047	6
2048	1
2049	4
2050	4
2051	4
2052	1
2053	5
2054	6
2055	8
2056	2
2057	4
2058	6
2059	3
2060	4
2061	6
2062	4
2063	4
2064	2
2065	5
2066	8
2067	4
2068	3
2069	3
2070	3
2071	3
2072	3
2073	3
2074	5
2076	3
2077	6
2078	6
2079	2
2080	2
2081	1
2082	4
2083	3
2085	5
2086	4
2087	4
2088	4
2089	2
2090	4
2091	3
2092	3
2093	9
2094	3
2095	2
2096	5
2097	5
2098	7
2099	5
2100	4
2101	3
2102	3
2103	4
2104	1
2105	3
2106	5
2107	7
2108	2
2109	4
2110	4
2112	4
2113	5
2114	4
2115	2
2116	2
2117	3
2118	5
2119	3
2120	3
2121	5
2122	4
2123	1
2124	2
2125	2
2126	2
2127	5
2129	2
2131	5
2132	3
2134	4
2135	4
2136	3
2137	4
2138	5
2139	7
2140	2
2141	8
2142	4
2143	2
2144	2
2145	1
2146	4
2147	3
2148	4
2149	4
2150	1
2151	3
2152	4
2153	4
2154	6
2155	3
2156	4
2157	1
2158	4
2159	2
2160	3
2161	6
2162	4
2163	6
2164	3
2165	4
2166	5
2167	3
2168	5
2169	3
2170	5
2171	5
2172	5
2173	4
2174	3
2175	6
2176	2
2177	6
2178	4
2179	6
2180	3
2181	4
2182	3
2183	4
2184	4
2185	3
2186	4
2187	2
2188	2
2189	3
2190	4
2191	5
2192	7
2193	7
2194	1
2195	4
2196	1
2197	2
2198	2
2199	4
2200	3
2201	5
2202	4
2203	2
2204	6
2205	3
2206	3
2207	4
2208	3
2209	3
2210	4
2211	5
2212	1
2213	2
2214	1
2215	3
2216	5
2217	6
2218	2
2219	5
2220	3
2221	1
2222	1
2223	2
2224	1
2225	1
2226	4
2227	4
2228	6
2229	3
2230	2
2231	2
2232	5
2233	4
2234	2
2235	2
2236	1
2237	5
2238	2
2239	3
2240	5
2241	3
2242	1
2243	2
2244	2
2245	7
2246	2
2247	6
2248	3
2249	2
2250	4
2251	2
2252	2
2253	3
2254	2
2255	5
2256	3
2257	5
2258	3
2259	4
2260	1
2261	2
2262	4
2263	4
2264	9
2265	3
2266	2
2267	6
2268	6
2269	4
2270	5
2271	1
2272	2
2273	3
2274	4
2275	2
2276	2
2277	4
2278	1
2279	6
2280	1
2281	5
2282	6
2283	10
2284	4
2285	3
2286	2
2287	5
2288	2
2289	4
2290	5
2291	3
2292	4
2293	7
2294	2
2295	4
2296	3
2297	6
2298	5
2299	4
2300	2
2301	4
2302	4
2303	2
2305	4
2306	7
2307	6
2308	1
2309	6
2310	8
2311	1
2312	2
2313	6
2314	5
2315	2
2316	7
2317	1
2318	2
2319	7
2320	5
2321	5
2322	4
2323	2
2324	3
2325	5
2326	2
2327	4
2328	4
2329	4
2330	3
2331	7
2332	3
2333	3
2334	5
2335	3
2336	2
2337	4
2338	4
2339	3
2340	3
2341	4
2342	1
2343	1
2344	4
2345	7
2346	5
2347	3
2348	3
2349	7
2350	1
2351	3
2352	7
2353	3
2354	4
2355	3
2356	4
2357	8
2358	9
2359	3
2360	6
2361	5
2362	5
2363	1
2364	6
2365	1
2366	4
2367	1
2368	2
2369	8
2370	1
2371	2
2372	8
2373	3
2374	3
2375	6
2376	5
2377	2
2378	6
2379	2
2380	6
2381	8
2382	7
2383	2
2384	1
2385	3
2386	2
2387	6
2388	6
2389	1
2390	3
2391	2
2392	5
2393	1
2394	4
2395	6
2396	5
2397	6
2398	6
2399	4
2401	5
2402	5
2403	5
2404	1
2405	1
2406	3
2407	3
2409	4
2410	6
2411	5
2412	2
2414	5
2415	4
2416	5
2417	4
2418	4
2419	4
2420	3
2421	5
2422	6
2423	5
2424	8
2425	5
2426	2
2427	3
2428	7
2429	4
2430	2
2431	2
2432	5
2433	5
2434	7
2435	2
2436	3
2437	5
2438	2
2439	6
2440	3
2441	1
2442	3
2443	6
2444	1
2445	5
2446	2
2447	6
2448	3
2449	2
2451	1
2452	2
2453	4
2454	4
2455	4
2456	2
2457	2
2458	4
2459	2
2460	1
2461	2
2462	5
2464	4
2465	3
2466	1
2467	4
2468	3
2469	4
2470	2
2471	3
2472	6
2473	2
2474	2
2475	4
2476	3
2477	4
2478	2
2479	3
2480	3
2481	1
2482	6
2483	2
2485	3
2486	5
2487	2
2488	3
2489	3
2490	5
2491	2
2492	3
2493	3
2494	4
2495	4
2496	3
2497	4
2498	4
2499	3
2501	4
2502	7
2503	4
2504	4
2505	1
2506	2
2508	4
2509	4
2510	2
2511	1
2512	3
2513	4
2514	3
2515	4
2516	1
2517	5
2518	3
2519	4
2520	4
2521	2
2522	5
2523	6
2524	2
2525	3
2527	1
2528	3
2529	6
2530	2
2531	2
2532	1
2533	3
2534	4
2535	1
2536	1
2537	1
2538	1
2539	2
2540	5
2541	5
2542	4
2543	4
2544	5
2545	4
2546	2
2547	4
2548	3
2549	3
2550	6
2551	3
2552	1
2553	5
2554	1
2555	1
2556	2
2557	1
2558	2
2559	1
2560	1
2561	4
2562	4
2563	3
2564	1
2565	5
2566	2
2567	2
2568	6
2569	2
2570	7
2571	4
2572	4
2573	3
2574	4
2575	4
2576	1
2578	4
2579	2
2580	3
2581	4
2582	2
2583	1
2584	1
2585	2
2586	1
2587	5
2588	3
2589	2
2590	2
2591	3
2592	3
2593	6
2594	1
2595	3
2596	3
2598	2
2599	3
2600	3
2601	3
2602	4
2603	2
2604	2
2608	4
2609	1
2610	1
2611	1
2612	2
2613	1
2614	2
2615	2
2616	3
2617	4
2618	1
2619	4
2620	4
2621	5
2622	5
2623	4
2624	5
2625	2
2626	2
2627	2
2628	3
2629	3
2630	1
2631	2
2632	3
2634	4
2635	2
2637	1
2638	6
2639	4
2640	1
2641	1
2642	5
2643	3
2644	1
2646	2
2648	2
2649	3
2650	1
2651	1
2652	3
2653	3
2654	1
2656	3
2657	2
2658	3
2659	2
2660	1
2661	2
2662	3
2663	2
2664	3
2665	3
2666	2
2668	2
2670	6
2671	5
2672	3
2674	3
2676	1
2677	3
2678	3
2679	3
2680	1
2681	3
2682	3
2683	3
2684	5
2685	2
2687	1
2688	7
2689	2
2690	3
2692	1
2693	1
2694	4
2695	2
2697	6
2698	1
2699	3
2700	1
2701	1
2702	4
2703	2
2704	1
2705	3
2706	2
2707	1
2708	3
2709	3
2710	1
2711	4
2712	1
2714	1
2715	2
2716	2
2717	5
2719	3
2720	3
2721	1
2722	2
2724	1
2725	3
2726	3
2727	2
2728	1
2729	2
2730	3
2731	2
2732	1
2733	2
2734	4
2735	4
2737	1
2738	3
2739	2
2740	2
2741	3
2742	4
2743	4
2744	2
2745	1
2746	4
2747	1
2748	1
2749	3
2750	3
2751	1
2752	2
2753	2
2754	4
2755	1
2756	1
2757	1
2758	5
2759	3
2760	3
2761	2
2763	2
2764	1
2765	3
2766	2
2767	1
2768	1
2769	1
2770	1
2771	1
2773	3
2774	5
2775	1
2776	1
2777	4
2778	2
2779	3
2780	3
2781	4
2782	4
2783	2
2784	1
2785	1
2786	3
2787	1
2788	7
2789	4
2790	2
2793	1
2796	3
2797	1
2798	2
2799	1
2800	6
2801	2
2802	1
2803	2
2804	2
2805	1
2806	4
2807	2
2808	4
2809	4
2810	2
2811	4
2812	1
2813	2
2814	1
2816	1
2818	2
2819	3
2820	1
2821	2
2822	1
2823	5
2824	2
2826	1
2827	2
2829	1
2830	4
2833	2
2835	3
2836	1
2837	5
2838	2
2840	2
2841	2
2842	1
2844	2
2845	1
2846	1
2848	2
2849	1
2850	1
2851	1
2852	1
2855	2
2856	1
2857	3
2859	4
2860	3
2861	1
2862	1
2865	1
2866	1
2867	1
2868	4
2869	1
2870	1
2871	2
2872	1
2874	1
2875	1
2876	3
2877	2
2878	4
2879	1
2880	2
2881	2
2882	4
2883	3
2884	3
2885	1
2886	2
2887	3
2888	3
2890	1
2891	1
2892	2
2893	2
2894	2
2896	3
2899	1
2900	2
2901	2
2902	4
2903	2
2905	2
2906	1
2908	1
2909	2
2910	3
2913	5
2914	2
2915	2
2916	3
2917	2
2919	2
2922	1
2923	1
2925	3
2927	3
2928	5
2929	1
2930	3
2931	1
2933	2
2934	1
2935	1
2936	3
2937	1
2939	1
2940	2
2941	1
2942	2
2944	1
2945	1
2946	2
2947	2
2948	2
2949	2
2950	2
2951	1
2952	2
2953	5
2955	1
2956	1
2958	2
2959	1
2960	1
2961	2
2962	2
2963	2
2964	1
2965	4
2967	3
2969	1
2970	1
2973	1
2974	2
2975	4
2976	2
2977	2
2979	1
2981	1
2982	1
2983	1
2985	2
2986	1
2987	3
2988	1
2989	1
2990	1
2991	2
2992	1
2994	1
2995	3
2996	2
2997	1
2998	1
3000	3
3001	2
3004	2
3005	3
3007	2
3008	1
3009	5
3010	2
3012	2
3017	3
3018	1
3019	1
3020	1
3021	2
3022	3
3023	1
3024	2
3025	1
3028	3
3030	2
3031	3
3032	1
3033	1
3034	2
3035	1
3037	2
3038	3
3039	2
3041	1
3042	1
3043	1
3044	5
3045	1
3046	3
3047	2
3048	1
3049	4
3051	3
3052	2
3053	4
3054	3
3055	1
3056	1
3057	1
3058	1
3059	4
3062	2
3063	1
3064	2
3065	2
3066	3
3067	2
3069	2
3070	1
3071	1
3072	3
3073	4
3074	1
3075	3
3076	2
3077	3
3078	2
3080	1
3081	1
3082	1
3083	3
3084	1
3086	3
3087	4
3088	1
3089	3
3090	1
3091	2
3092	3
3094	1
3095	2
3096	1
3097	2
3098	2
3099	5
3100	3
3101	3
3103	2
3105	2
3106	1
3107	1
3108	1
3109	2
3110	1
3111	2
3112	2
3113	1
3114	1
3115	1
3116	2
3117	2
3118	2
3120	1
3121	1
3122	3
3124	2
3125	4
3127	2
3128	1
3129	5
3130	1
3131	2
3132	2
3133	1
3134	1
3135	1
3136	2
3137	2
3138	1
3140	2
3141	2
3142	3
3143	2
3144	2
3145	5
3147	4
3149	5
3150	1
3151	1
3152	2
3153	1
3154	1
3156	1
3158	1
3159	2
3160	1
3161	2
3162	1
3163	2
3164	2
3166	2
3168	2
3169	4
3170	2
3171	4
3172	3
3173	1
3174	3
3175	2
3176	1
3178	2
3180	6
3181	1
3184	4
3185	3
3186	2
3187	4
3189	2
3191	2
3192	2
3193	3
3194	1
3196	5
3197	3
3198	1
3199	1
3200	2
3202	3
3203	1
3204	5
3205	1
3207	3
3208	3
3210	1
3211	1
3212	1
3214	3
3216	3
3217	4
3218	3
3220	3
3221	1
3222	1
3224	2
3225	1
3226	1
3227	1
3228	1
3230	2
3232	2
3233	1
3234	1
3235	2
3237	4
3238	1
3239	2
3240	2
3241	2
3242	1
3243	3
3244	1
3245	2
3246	1
3250	2
3251	2
3252	1
3253	2
3254	2
3255	1
3256	1
3257	3
3258	3
3259	1
3260	1
3261	1
3262	2
3263	2
3264	3
3266	1
3267	3
3268	3
3269	3
3271	4
3272	4
3273	4
3276	1
3278	2
3279	1
3280	1
3281	2
3282	2
3285	1
3286	1
3289	1
3290	1
3291	1
3292	2
3293	3
3294	1
3295	3
3296	1
3297	4
3298	1
3300	2
3302	2
3303	2
3304	1
3305	2
3306	1
3307	1
3308	4
3309	1
3310	1
3311	2
3312	2
3313	1
3314	2
3315	3
3317	1
3319	2
3320	1
3321	1
3323	2
3324	2
3325	1
3326	1
3327	2
3330	2
3331	2
3332	1
3333	5
3334	2
3335	3
3336	1
3338	1
3340	2
3341	1
3343	1
3344	6
3347	1
3348	6
3350	1
3351	1
3353	2
3354	2
3355	3
3356	2
3357	3
3358	1
3359	3
3360	3
3361	5
3362	1
3363	1
3364	2
3365	2
3367	1
3368	1
3369	2
3370	2
3371	3
3372	2
3373	1
3374	2
3376	4
3377	2
3378	1
3379	1
3380	2
3381	1
3383	2
3384	2
3385	1
3387	3
3388	3
3389	1
3390	1
3391	2
3392	4
3393	1
3395	3
3397	1
3398	1
3399	3
3400	2
3401	1
3403	1
3404	2
3405	1
3407	2
3408	3
3410	2
3411	3
3412	2
3413	3
3414	2
3415	1
3416	1
3419	2
3420	3
3421	2
3422	2
3423	1
3424	3
3425	1
3426	3
3427	1
3428	2
3429	3
3430	1
3431	2
3432	1
3433	3
3434	1
3435	1
3436	2
3437	4
3440	2
3441	2
3443	2
3444	4
3445	3
3446	4
3447	1
3448	2
3449	1
3450	4
3452	1
3453	3
3454	3
3455	3
3456	7
3457	3
3458	1
3459	4
3460	1
3461	2
3462	1
3463	2
3465	1
3466	1
3467	2
3468	4
3469	3
3471	1
3472	3
3473	2
3474	1
3475	3
3477	2
3479	3
3480	2
3481	2
3482	1
3483	2
3484	3
3487	1
3488	3
3489	3
3491	4
3492	3
3493	2
3494	5
3496	1
3497	1
3498	1
3499	1
3500	4
3502	3
3503	1
3505	1
3506	1
3507	1
3508	1
3509	1
3510	1
3511	1
3512	1
3513	2
3514	3
3515	1
3516	2
3517	1
3520	1
3521	2
3522	1
3523	2
3524	1
3525	2
3526	3
3527	1
3528	1
3529	2
3530	4
3531	1
3532	2
3534	1
3535	1
3536	4
3537	4
3538	4
3539	1
3540	1
3541	1
3542	2
3543	2
3544	2
3546	1
3547	4
3549	1
3550	4
3551	5
3553	1
3554	2
3556	1
3557	1
3560	1
3561	3
3562	1
3564	2
3566	1
3567	3
3568	1
3570	2
3571	1
3572	1
3574	2
3578	1
3579	2
3580	3
3581	1
3582	4
3583	1
3584	1
3586	3
3587	3
3589	1
3590	1
3591	2
3592	2
3593	1
3594	1
3595	2
3596	2
3597	1
3599	2
3601	1
3603	2
3604	1
3605	1
3606	1
3607	1
3608	1
3609	1
3611	1
3612	1
3613	1
3615	2
3616	2
3617	2
3618	2
3619	1
3620	1
3621	2
3622	1
3623	1
3625	3
3626	3
3627	1
3628	4
3629	5
3631	3
3632	2
3634	1
3635	1
3637	3
3638	1
3639	2
3640	1
3641	1
3642	3
3643	1
3644	2
3646	1
3649	3
3651	3
3652	2
3653	1
3654	3
3655	1
3657	1
3658	1
3660	1
3662	2
3663	3
3664	1
3665	1
3668	2
3670	1
3671	2
3672	2
3674	1
3675	2
3677	1
3678	3
3679	1
3681	4
3682	3
3683	3
3684	2
3687	1
3688	1
3689	1
3690	2
3691	2
3692	2
3694	1
3695	1
3696	1
3697	4
3698	2
3699	1
3702	2
3707	2
3709	3
3710	3
3711	1
3712	1
3713	2
3715	1
3716	2
3717	1
3718	2
3719	3
3720	2
3721	1
3722	1
3723	3
3724	1
3726	4
3728	1
3729	1
3730	6
3732	3
3733	1
3736	2
3737	2
3739	1
3741	1
3742	1
3743	2
3747	2
3749	2
3750	2
3751	2
3753	2
3754	1
3755	4
3756	1
3757	1
3759	1
3760	1
3761	1
3764	2
3767	3
3768	2
3769	2
3770	2
3772	2
3773	1
3774	1
3776	2
3777	2
3779	2
3780	1
3781	1
3782	2
3783	2
3784	1
3785	1
3786	1
3789	1
3790	2
3793	2
3794	2
3796	2
3797	5
3799	1
3800	2
3801	1
3802	3
3805	2
3808	2
3809	1
3810	3
3811	1
3814	2
3816	2
3817	1
3819	2
3820	1
3823	1
3826	3
3827	1
3828	1
3829	2
3830	2
3832	1
3833	2
3834	2
3835	3
3839	2
3840	1
3841	2
3842	1
3843	1
3845	2
3846	2
3848	2
3849	1
3850	3
3851	1
3852	1
3853	1
3856	1
3859	2
3861	2
3862	3
3863	1
3864	1
3865	2
3868	1
3869	1
3872	2
3873	1
3875	1
3876	1
3877	1
3879	2
3880	2
3881	3
3882	1
3883	1
3884	1
3885	1
3886	2
3887	1
3889	1
3890	1
3891	1
3892	1
3893	3
3896	2
3897	1
3898	1
3899	3
3901	1
3903	3
3904	2
3905	1
3908	3
3910	2
3912	1
3913	3
3916	2
3917	4
3918	1
3919	1
3920	1
3921	1
3924	3
3926	1
3928	1
3929	1
3931	1
3932	4
3933	2
3936	1
3939	2
3940	1
3941	1
3942	3
3943	1
3944	6
3945	3
3948	1
3949	1
3950	3
3951	1
3955	1
3956	1
3957	3
3958	3
3960	1
3961	1
3962	2
3963	2
3964	1
3968	1
3969	2
3971	1
3972	1
3973	1
3974	1
3975	2
3976	2
3977	1
3978	1
3979	1
3980	3
3981	1
3984	1
3986	1
3988	1
3990	2
3992	2
3993	1
3994	1
3995	1
3996	1
3997	1
3998	1
3999	1
4000	1
4002	1
4003	1
4004	3
4005	1
4008	2
4010	1
4011	1
4012	1
4015	2
4016	2
4017	1
4018	2
4019	2
4020	1
4024	1
4027	2
4029	1
4031	1
4033	4
4034	1
4035	1
4038	1
4039	1
4040	2
4041	1
4042	2
4043	2
4045	1
4046	2
4047	1
4048	2
4049	1
4050	1
4053	3
4054	2
4055	1
4058	1
4059	1
4060	3
4062	2
4063	4
4064	1
4065	2
4066	1
4067	2
4068	4
4070	1
4071	1
4072	1
4078	1
4079	2
4080	1
4081	1
4082	1
4084	5
4085	1
4086	2
4087	4
4088	1
4089	2
4091	2
4092	2
4093	1
4094	1
4097	1
4098	1
4099	1
4100	1
4101	2
4102	1
4104	3
4106	2
4109	1
4111	1
4112	1
4114	1
4115	3
4116	1
4117	2
4119	2
4120	1
4125	1
4126	4
4127	1
4128	5
4130	1
4131	1
4132	1
4134	1
4135	1
4136	3
4139	1
4140	5
4142	3
4143	1
4144	2
4146	3
4148	1
4149	2
4150	3
4152	3
4153	2
4155	2
4157	3
4158	1
4161	2
4162	1
4165	1
4169	2
4170	1
4172	1
4175	1
4176	1
4177	1
4178	1
4179	1
4180	2
4181	2
4183	2
4184	1
4188	1
4191	1
4192	1
4194	1
4196	1
4199	2
4200	1
4201	1
4202	1
4205	1
4207	1
4210	2
4211	1
4212	3
4214	2
4215	1
4216	1
4219	1
4220	1
4221	2
4222	1
4223	2
4225	1
4226	1
4228	1
4230	1
4233	2
4234	1
4237	1
4239	3
4240	1
4241	1
4246	2
4247	3
4249	2
4250	1
4254	2
4255	1
4259	1
4263	2
4265	1
4267	1
4268	2
4269	1
4270	3
4272	1
4278	1
4279	1
4280	1
4284	1
4286	1
4287	1
4288	1
4289	1
4290	1
4293	1
4297	2
4298	2
4299	1
4300	1
4301	1
4302	2
4303	2
4304	1
4308	2
4309	1
4310	2
4313	1
4314	1
4316	1
4317	2
4318	1
4319	2
4321	2
4325	1
4326	2
4327	1
4328	1
4329	2
4331	1
4333	1
4334	1
4335	2
4336	2
4340	1
4344	2
4345	3
4346	2
4347	2
4354	1
4356	1
4357	1
4358	1
4359	1
4360	1
4361	1
4363	4
4365	1
4368	1
4369	3
4370	1
4371	1
4373	1
4374	3
4375	1
4376	2
4377	1
4379	1
4381	1
4382	1
4383	1
4384	2
4388	1
4389	1
4391	1
4392	2
4393	2
4394	1
4395	3
4396	1
4397	2
4399	2
4400	1
4401	1
4404	1
4405	2
4409	2
4410	1
4413	1
4415	2
4418	1
4419	1
4420	1
4423	1
4424	1
4428	2
4429	1
4430	2
4431	1
4432	1
4433	1
4434	1
4437	1
4438	1
4439	2
4440	1
4441	1
4442	1
4444	1
4447	1
4449	2
4451	1
4452	2
4453	1
4455	4
4456	1
4458	1
4459	1
4460	1
4462	1
4463	1
4466	1
4467	1
4468	1
4469	1
4470	1
4471	1
4475	2
4476	2
4478	2
4479	1
4480	1
4481	1
4482	1
4484	1
4485	1
4486	1
4487	1
4489	1
4493	2
4494	2
4495	1
4496	1
4499	1
4500	1
4502	1
4503	2
4504	1
4505	2
4507	1
4510	1
4512	1
4513	1
4515	1
4516	1
4517	1
4518	1
4519	2
4526	2
4527	2
4530	1
4532	1
4537	1
4540	1
4541	1
4542	1
4543	1
4544	1
4545	2
4546	1
4547	1
4548	1
4549	1
4550	2
4551	1
4552	1
4553	1
4554	2
4555	1
4556	1
4557	2
4558	1
4559	1
4567	1
4570	2
4571	1
4572	1
4573	1
4577	2
4578	1
4580	1
4581	1
4587	2
4589	2
4590	1
4595	1
4596	1
4597	1
4598	2
4601	2
4603	1
4604	2
4605	1
4606	1
4607	1
4608	1
4610	1
4612	4
4613	3
4614	1
4615	2
4617	1
4619	2
4621	1
4623	1
4624	1
4626	1
4627	1
4628	3
4629	2
4630	1
4631	1
4634	2
4636	1
4637	2
4638	1
4639	1
4640	1
4642	1
4645	2
4647	1
4649	3
4653	1
4658	4
4659	2
4661	1
4666	1
4668	1
4673	1
4675	1
4676	2
4678	1
4679	1
4680	3
4683	1
4684	1
4686	2
4687	1
4689	1
4691	3
4692	2
4697	3
4699	1
4702	2
4703	1
4708	1
4710	1
4713	3
4715	1
4718	1
4721	2
4722	1
4723	2
4727	1
4730	1
4732	1
4734	1
4735	2
4737	1
4738	1
4739	1
4740	2
4742	2
4746	1
4748	2
4751	1
4752	1
4754	2
4755	1
4760	1
4764	1
4765	2
4766	3
4771	1
4772	2
4773	1
4776	1
4777	1
4779	2
4780	1
4782	1
4783	1
4784	1
4787	1
4790	1
4792	1
4793	1
4794	2
4800	1
4804	1
4811	1
4812	1
4814	2
4815	1
4816	1
4817	1
4819	1
4820	3
4821	1
4822	1
4824	1
4825	1
4826	1
4828	1
4834	2
4837	1
4840	1
4841	1
4843	3
4844	1
4845	1
4846	2
4847	1
4848	3
4850	2
4855	1
4857	1
4858	1
4859	2
4860	1
4864	1
4865	1
4867	1
4868	1
4869	2
4870	2
4872	1
4874	1
4876	1
4879	2
4880	2
4883	1
4888	2
4890	1
4892	2
4893	1
4894	1
4895	1
4901	2
4902	1
4905	1
4906	2
4908	1
4910	3
4911	1
4912	1
4917	2
4918	1
4919	2
4920	1
4921	1
4922	1
4924	3
4925	1
4926	1
4927	2
4928	1
4930	1
4935	3
4936	1
4938	1
4940	1
4941	1
4942	1
4943	1
4944	1
4945	2
4946	1
4951	2
4954	2
4955	1
4961	1
4962	1
4963	1
4965	1
4967	1
4968	1
4969	1
4974	1
4976	1
4979	1
4980	3
4982	1
4985	1
4986	1
4989	1
4990	2
4995	1
4999	1
5002	1
5004	2
5006	1
5007	1
5010	2
5011	1
5016	1
5017	2
5020	2
5022	1
5023	1
5024	3
5028	1
5030	3
5031	1
5035	1
5036	1
5038	1
5046	2
5049	1
5051	1
5052	1
5053	1
5054	1
5055	1
5057	2
5058	2
5063	2
5064	1
5065	1
5069	1
5071	1
5072	1
5074	2
5075	2
5076	2
5077	2
5081	1
5084	3
5086	1
5087	1
5088	2
5090	1
5092	1
5094	3
5099	1
5100	1
5102	1
5103	1
5105	1
5107	1
5112	1
5114	1
5119	1
5123	2
5124	1
5126	1
5130	1
5131	1
5133	1
5139	1
5141	2
5143	3
5147	1
5152	1
5154	2
5160	2
5162	1
5163	1
5166	1
5168	1
5170	1
5171	1
5172	1
5173	3
5174	1
5176	2
5179	1
5180	1
5181	2
5182	1
5185	1
5186	1
5188	1
5190	1
5191	1
5195	1
5201	1
5202	1
5209	1
5210	1
5215	1
5218	2
5220	1
5222	2
5223	1
5225	1
5227	1
5230	1
5231	2
5232	2
5233	1
5236	1
5237	1
5238	1
5240	1
5242	1
5255	1
5256	1
5258	1
5260	1
5263	1
5264	2
5265	2
5266	1
5268	1
5269	1
5270	1
5271	2
5273	1
5274	1
5275	1
5279	1
5282	1
5283	2
5285	1
5286	1
5288	1
5291	1
5292	2
5294	1
5297	1
5303	1
5304	1
5309	1
5311	1
5312	1
5314	1
5316	1
5317	1
5319	1
5320	1
5321	1
5323	2
5326	2
5329	1
5331	1
5334	2
5337	1
5338	1
5340	2
5343	1
5344	1
5346	1
5347	1
5349	1
5350	1
5351	1
5352	1
5354	2
5355	1
5359	2
5361	1
5362	1
5366	1
5368	1
5370	1
5375	1
5377	1
5378	1
5380	1
5383	1
5389	2
5391	1
5393	1
5394	1
5395	1
5396	2
5400	1
5401	1
5409	2
5410	2
5411	1
5413	3
5414	2
5417	1
5420	1
5426	1
5427	1
5428	1
5430	1
5433	1
5438	1
5439	1
5442	1
5445	1
5446	1
5449	2
5451	1
5452	1
5460	1
5462	1
5463	1
5465	1
5466	1
5474	2
5476	2
5481	1
5482	1
5484	2
5489	1
5491	1
5492	1
5493	1
5494	1
5497	1
5498	1
5499	1
5501	2
5502	1
5503	2
5504	1
5505	2
5510	1
5514	1
5515	1
5527	2
5529	1
5533	2
5534	1
5537	1
5540	1
5541	2
5543	2
5544	1
5545	1
5550	1
5551	1
5553	4
5554	1
5555	1
5557	1
5560	1
5563	1
5565	2
5568	1
5581	1
5584	1
5585	2
5586	2
5587	2
5592	1
5593	1
5595	1
5599	1
5600	1
5603	1
5606	1
5608	2
5612	1
5613	1
5614	2
5615	2
5616	1
5618	1
5625	1
5626	1
5628	1
5630	1
5633	1
5643	1
5644	2
5647	1
5650	1
5652	2
5653	1
5654	2
5656	1
5661	3
5662	2
5663	1
5666	2
5667	3
5671	1
5672	1
5676	1
5678	1
5684	1
5685	2
5686	1
5690	1
5691	1
5695	1
5697	2
5699	1
5704	1
5706	1
5707	1
5712	3
5716	3
5717	2
5720	1
5722	1
5724	1
5726	2
5728	2
5730	1
5735	1
5736	1
5738	2
5739	2
5741	1
5745	1
5747	1
5754	1
5760	1
5765	1
5770	1
5773	2
5775	1
5777	1
5779	1
5781	1
5783	1
5785	1
5787	1
5788	3
5793	1
5794	1
5797	1
5801	1
5802	1
5806	1
5811	1
5812	1
5813	1
5816	1
5818	1
5820	2
5828	4
5834	1
5837	3
5841	1
5845	1
5851	1
5852	2
5855	1
5867	1
5870	1
5873	2
5874	1
5878	1
5881	1
5886	2
5888	1
5889	1
5891	1
5892	1
5896	1
5899	2
5900	1
5903	1
5904	1
5907	1
5909	1
5910	1
5918	1
5925	1
5926	2
5928	1
5931	1
5933	2
5937	1
5947	1
5949	1
5950	1
5952	2
5953	1
5954	1
5961	1
5966	1
5967	1
5968	1
5969	1
5972	1
5974	1
5977	2
5979	1
5987	1
5992	1
5994	1
5997	1
6001	1
6002	1
6005	1
6007	1
6009	2
6010	2
6014	1
6018	1
6021	1
6026	1
6027	1
6028	1
6029	1
6030	1
6038	1
6043	1
6044	1
6047	1
6051	1
6053	1
6054	2
6056	1
6058	1
6060	1
6066	1
6069	1
6070	1
6071	1
6075	2
6076	1
6077	1
6078	1
6079	1
6081	1
6083	1
6085	1
6091	1
6093	2
6095	2
6098	1
6104	2
6105	1
6108	1
6112	1
6113	1
6114	1
6117	1
6121	1
6122	1
6127	2
6130	1
6131	2
6134	1
6135	1
6138	1
6141	1
6142	2
6143	1
6144	2
6147	2
6153	1
6167	1
6174	1
6178	1
6181	1
6183	1
6185	1
6188	1
6195	2
6196	2
6202	1
6205	1
6209	1
6212	1
6221	2
6222	1
6226	1
6231	1
6233	1
6235	1
6237	1
6238	1
6239	1
6242	1
6248	1
6251	1
6254	1
6255	1
6259	1
6260	1
6261	1
6264	1
6273	1
6276	1
6280	2
6281	1
6283	1
6286	1
6293	1
6299	1
6302	1
6305	1
6310	1
6321	1
6323	1
6331	2
6334	1
6338	2
6339	1
6342	1
6344	1
6345	1
6354	1
6360	1
6364	1
6367	2
6370	1
6371	1
6374	1
6377	1
6378	1
6381	1
6384	1
6393	1
6394	1
6395	1
6396	1
6398	1
6403	3
6407	1
6413	1
6416	3
6417	1
6422	1
6427	1
6428	1
6440	1
6453	1
6454	1
6455	1
6457	3
6461	1
6467	1
6472	2
6478	1
6479	1
6480	1
6482	1
6483	1
6484	1
6490	1
6492	1
6496	1
6501	1
6502	1
6504	1
6505	1
6508	1
6514	2
6517	1
6518	1
6526	1
6531	1
6532	2
6534	1
6537	2
6538	1
6539	3
6540	1
6542	1
6543	1
6544	1
6555	1
6556	1
6559	1
6562	1
6566	1
6569	1
6570	1
6571	1
6572	1
6576	2
6578	1
6579	1
6584	1
6595	1
6598	1
6599	1
6601	2
6602	2
6611	1
6612	1
6614	1
6615	1
6619	1
6620	1
6622	2
6623	1
6638	1
6642	1
6645	1
6649	1
6650	1
6651	1
6660	1
6661	1
6672	1
6675	1
6676	1
6680	1
6682	2
6684	1
6689	1
6690	1
6691	1
6696	1
6697	1
6704	1
6707	1
6708	1
6715	1
6719	1
6721	1
6722	1
6723	1
6735	1
6741	1
6742	1
6743	1
6747	1
6748	1
6751	1
6754	2
6756	2
6759	2
6763	1
6764	1
6769	1
6774	1
6777	1
6778	1
6782	2
6786	1
6787	1
6789	1
6792	1
6793	1
6798	1
6799	1
6800	1
6801	1
6802	1
6806	1
6810	1
6813	1
6814	1
6829	1
6831	2
6834	1
6840	1
6841	1
6842	2
6844	1
6846	2
6849	1
6855	1
6859	1
6861	1
6862	3
6864	1
6866	1
6868	1
6869	1
6872	1
6873	1
6876	2
6885	1
6887	1
6888	1
6896	1
6897	2
6900	1
6902	1
6904	1
6907	1
6912	1
6913	1
6914	1
6915	2
6919	1
6920	1
6921	1
6922	1
6925	1
6926	1
6928	1
6929	1
6931	1
6932	1
6936	1
6937	1
6944	1
6946	1
6947	1
6951	1
6952	2
6954	1
6957	1
6958	1
6966	1
6967	1
6971	1
6973	1
6974	1
6975	1
6983	1
6988	1
6989	1
6992	1
6994	1
6998	1
6999	1
7008	2
7018	1
7019	2
7020	1
7021	1
7022	1
7023	1
7025	1
7029	1
7030	1
7033	1
7036	1
7037	1
7058	2
7060	1
7062	1
7065	1
7068	2
7070	1
7071	1
7074	1
7077	1
7079	1
7080	1
7084	1
7086	1
7087	1
7092	1
7093	1
7095	1
7096	1
7098	1
7103	1
7113	1
7115	2
7119	1
7124	1
7125	1
7129	1
7135	1
7136	1
7138	1
7150	1
7152	1
7155	1
7158	1
7163	1
7169	2
7170	1
7177	2
7178	2
7179	1
7180	1
7183	1
7185	1
7186	2
7188	2
7190	1
7192	1
7193	1
7207	1
7208	1
7210	1
7214	1
7216	1
7221	1
7223	1
7224	1
7227	1
7229	1
7233	2
7238	1
7240	1
7242	2
7243	1
7245	2
7247	1
7249	1
7252	1
7258	1
7259	1
7262	1
7266	1
7267	1
7274	1
7279	2
7281	1
7284	2
7288	2
7290	1
7295	2
7298	1
7313	1
7316	1
7318	1
7320	1
7322	1
7328	1
7332	1
7337	1
7347	2
7353	1
7354	1
7364	1
7368	2
7376	3
7380	1
7383	1
7385	1
7389	1
7390	1
7392	1
7394	2
7396	1
7400	2
7402	1
7404	1
7411	2
7418	2
7427	1
7430	1
7438	1
7443	1
7444	1
7445	1
7446	1
7452	1
7459	2
7460	1
7462	2
7472	1
7477	1
7478	1
7479	2
7484	1
7488	1
7490	1
7499	1
7503	3
7506	1
7507	1
7517	1
7518	1
7528	2
7530	2
7533	1
7536	1
7545	1
7549	1
7551	1
7560	1
7561	1
7563	1
7566	1
7570	1
7575	2
7577	1
7580	1
7584	1
7585	1
7589	1
7601	1
7611	1
7621	1
7636	1
7640	1
7643	1
7646	1
7654	1
7658	1
7662	1
7669	1
7671	1
7673	1
7675	1
7688	1
7692	1
7695	1
7704	1
7710	1
7716	1
7719	1
7723	1
7725	1
7726	1
7729	1
7738	3
7748	1
7750	1
7755	1
7756	1
7760	1
7761	3
7764	1
7765	1
7770	1
7779	1
7792	1
7795	1
7802	2
7803	2
7805	2
7815	1
7816	1
7820	2
7824	1
7825	1
7841	1
7845	1
7847	1
7857	1
7858	1
7866	1
7870	1
7871	1
7872	1
7880	1
7881	1
7890	1
7898	1
7906	1
7907	1
7909	2
7914	1
7931	1
7932	1
7964	2
7970	1
7972	1
7973	1
7984	1
7990	1
7993	1
7995	1
7996	2
8001	2
8002	1
8004	1
8005	1
8012	1
8013	1
8033	1
8072	1
8097	2
8100	1
8103	1
8115	1
8127	1
8130	1
8154	1
8159	1
8162	1
8165	1
8170	1
8181	1
8189	1
8202	3
8203	1
8206	1
8207	2
8215	1
8217	1
8219	1
8222	1
8225	1
8235	1
8237	1
8248	1
8252	1
8255	1
8263	1
8264	1
8269	1
8289	1
8294	1
8299	1
8318	1
8321	1
8325	1
8331	1
8336	1
8338	2
8349	2
8361	1
8369	1
8370	2
8377	1
8383	1
8386	1
8389	2
8396	1
8397	1
8399	2
8400	1
8411	2
8413	1
8416	1
8425	1
8426	1
8427	2
8428	1
8429	1
8431	1
8432	1
8434	1
8435	2
8436	1
8438	1
8442	1
8444	1
8445	2
8446	1
8455	2
8458	1
8466	1
8467	1
8470	1
8473	1
8477	1
8490	1
8495	1
8497	1
8502	1
8508	1
8512	1
8515	1
8521	1
8544	1
8546	1
8549	1
8565	1
8585	1
8590	1
8591	1
8592	1
8593	1
8596	1
8605	1
8608	1
8612	1
8617	1
8629	1
8634	1
8640	1
8650	1
8656	1
8668	1
8671	1
8679	1
8689	1
8700	1
8708	1
8710	1
8722	1
8733	1
8741	1
8764	1
8772	1
8778	1
8787	1
8790	1
8801	1
8803	1
8804	1
8809	1
8810	1
8811	1
8814	1
8820	1
8837	1
8842	1
8846	1
8855	1
8863	1
8871	1
8890	1
8893	1
8896	1
8907	1
8908	1
8915	1
8924	2
8925	1
8931	2
8934	1
8952	2
8953	1
8969	1
8975	1
8984	2
8989	1
8999	2
9004	1
9017	1
9023	1
9026	2
9035	1
9044	1
9045	1
9051	1
9054	1
9057	1
9058	1
9063	1
9095	2
9097	1
9105	1
9106	1
9118	1
9130	1
9131	1
9133	1
9140	1
9154	1
9159	1
9161	1
9169	1
9180	1
9181	1
9210	1
9214	1
9224	1
9236	1
9238	1
9242	1
9250	1
9255	1
9257	2
9265	1
9277	1
9279	1
9291	1
9314	1
9315	1
9326	1
9365	1
9371	1
9393	2
9403	1
9420	1
9437	1
9438	1
9439	1
9449	1
9452	1
9453	1
9466	2
9487	1
9504	1
9506	1
9508	1
9514	1
9519	1
9563	1
9578	1
9596	1
9599	1
9607	1
9623	1
9627	1
9642	1
9656	1
9658	1
9671	1
9672	1
9678	1
9694	1
9703	1
9713	1
9723	1
9725	1
9727	1
9735	1
9736	1
9742	1
9757	2
9758	1
9761	1
9770	1
9780	1
9784	1
9791	1
9802	1
9805	1
9816	1
9821	1
9837	1
9839	1
9845	1
9849	1
9856	1
9859	1
9863	1
9865	1
9867	1
9868	1
9874	1
9877	1
9901	1
9906	1
9911	1
9915	1
9920	1
9933	1
9935	1
9939	1
9949	1
9954	1
9993	1
9998	1
10002	1
10003	1
10004	1
10005	1
10009	1
10012	1
10015	1
10016	1
10019	1
10025	1
10030	1
10049	1
10057	1
10060	1
10061	1
10063	1
10084	1
10086	1
10092	1
10093	1
10112	1
10123	1
10124	1
10133	1
10145	1
10151	1
10157	1
10173	1
10174	1
10178	1
10179	1
10200	1
10226	1
10240	1
10242	1
10244	1
10290	1
10299	1
10300	1
10318	1
10375	1
10407	1
10411	1
10415	1
10418	1
10430	1
10432	1
10433	1
10464	1
10489	1
10495	1
10508	1
10511	1
10530	1
10542	1
10546	1
10552	1
10578	1
10581	2
10582	1
10604	1
10606	1
10621	1
10631	1
10647	1
10673	2
10685	1
10690	1
10693	1
10702	1
10705	1
10739	1
10753	1
10756	1
10795	1
10806	1
10813	1
10818	1
10845	1
10847	1
10869	1
10872	1
10890	1
10896	1
10912	1
10930	1
10949	1
10961	1
10970	1
10986	1
10994	1
11021	1
11026	1
11034	1
11040	1
11049	1
11060	1
11075	1
11082	1
11083	1
11095	1
11108	1
11127	1
11136	1
11141	1
11156	1
11157	1
11163	1
11168	2
11172	1
11175	1
11196	1
11227	1
11230	1
11231	1
11233	1
11235	1
11246	1
11262	1
11277	1
11284	1
11300	1
11338	1
11344	1
11348	1
11370	1
11387	1
11431	1
11451	1
11458	1
11465	1
11485	1
11501	1
11504	1
11538	1
11577	1
11586	1
11602	1
11615	1
11623	1
11628	1
11640	1
11676	1
11682	1
11686	1
11694	1
11744	1
11753	1
11779	1
11784	2
11808	1
11813	1
11830	1
11834	1
11839	1
11910	1
11929	1
11930	1
11933	1
11953	1
11980	1
12014	1
12019	1
12061	1
12065	1
12085	1
12112	2
12155	1
12180	1
12181	1
12211	1
12215	1
12217	1
12218	1
12226	1
12234	1
12265	1
12280	1
12296	1
12324	1
12397	1
12402	1
12465	1
12477	1
12483	1
12535	1
12543	1
12559	1
12569	1
12571	1
12577	1
12602	1
12622	1
12640	1
12641	2
12702	1
12719	1
12742	1
12744	1
12745	1
12747	1
12800	1
12809	1
12811	1
12814	1
12816	1
12840	1
12845	1
12847	1
12875	1
12882	1
12921	1
12937	1
12953	1
12989	1
13106	1
13116	1
13120	1
13183	1
13184	1
13187	1
13211	1
13236	1
13242	1
13255	1
13289	1
13313	1
13320	1
13357	1
13372	1
13410	1
13446	1
13458	1
13632	1
13711	1
13714	1
13725	1
13744	1
13772	2
13787	1
13848	1
13863	1
13880	1
13902	1
13940	1
13992	1
14007	1
14028	1
14029	1
14046	1
14059	1
14065	1
14077	1
14087	1
14096	1
14122	1
14149	1
14160	1
14165	1
14176	1
14216	1
14222	1
14272	1
14337	1
14343	1
14376	1
14394	1
14403	1
14424	1
14505	1
14507	1
14539	1
14547	1
14551	1
14558	1
14569	1
14581	1
14679	1
14688	1
14693	1
14695	1
14740	1
14751	1
14794	1
14795	1
14830	1
14833	1
14834	1
14861	1
14865	1
14879	1
14887	1
14889	1
14905	1
14935	1
15004	1
15007	1
15044	1
15051	1
15059	1
15066	1
15079	1
15107	1
15127	1
15133	1
15161	1
15164	1
15170	1
15217	1
15232	1
15258	1
15269	1
15361	1
15428	1
15441	1
15445	1
15462	1
15474	1
15485	1
15515	1
15520	1
15545	1
15552	1
15564	1
15578	1
15619	1
15637	1
15649	1
15656	1
15663	1
15734	1
15738	1
15790	1
15797	1
15806	1
15862	1
15886	1
15909	1
15923	1
15975	1
15976	1
15994	1
16021	1
16044	1
16059	1
16083	1
16093	1
16137	1
16140	1
16176	1
16229	1
16240	1
16271	1
16307	1
16325	1
16342	1
16395	1
16427	1
16449	1
16458	1
16473	1
16486	1
16490	1
16497	1
16500	1
16519	1
16532	1
16559	1
16582	1
16626	1
16673	1
16690	1
16715	1
16722	1
16735	1
16750	1
16776	1
16779	1
16849	1
16875	1
16893	1
16922	1
16943	1
16984	1
16987	1
16999	1
17028	1
17121	1
17130	1
17218	1
17247	1
17272	1
17279	1
17308	1
17412	1
17480	1
17519	1
17639	1
17646	1
17681	1
17692	1
17697	1
17712	1
17719	1
17738	1
17810	1
17823	1
17867	1
17906	1
17914	1
17920	1
17930	1
17945	1
17988	1
18017	1
18082	1
18133	1
18137	1
18139	1
18227	1
18402	1
18479	1
18493	1
18634	1
18682	1
18857	1
18883	1
18906	1
19072	1
19140	1
19223	1
19241	1
19287	1
19346	1
19420	1
19436	1
19440	1
19457	1
19476	2
19478	1
19510	1
19596	1
19601	1
19722	1
19744	1
19746	1
19787	1
19856	1
19964	1
19965	1
19984	1
20038	1
20049	1
20112	1
20156	1
20186	1
20198	1
20200	1
20224	1
20238	1
20242	1
20282	1
20285	1
20315	1
20323	1
20335	1
20341	1
20350	1
20378	1
20383	1
20401	1
20403	1
20413	1
20432	1
20436	1
20461	1
20483	1
20504	1
20530	1
20566	1
20572	1
20581	1
20592	1
20624	1
20685	1
20699	1
20743	1
20750	1
20761	1
20776	1
20822	1
20828	1
20846	1
20860	1
20865	1
20974	1
20977	1
21039	1
21051	1
21087	1
21088	1
21112	1
21153	1
21209	1
21245	1
21263	1
21266	1
21279	1
21322	1
21346	1
21408	1
21417	1
21423	1
21468	1
21535	1
21544	2
21547	1
21605	1
21637	1
21846	1
21918	1
21939	1
21971	1
21978	1
22001	1
22012	1
22067	1
22074	1
22078	1
22098	1
22132	1
22177	1
22225	1
22234	1
22266	1
22310	1
22353	1
22375	1
22397	1
22469	1
22473	1
22537	1
22565	1
22711	1
22719	1
22734	1
22770	1
22782	1
22835	1
22898	1
22914	1
22927	1
22931	1
22960	1
22995	1
23000	1
23007	1
23011	1
23013	1
23070	1
23075	1
23079	1
23093	1
23108	1
23130	1
23156	1
23206	1
23215	1
23224	1
23305	1
23322	1
23381	1
23400	1
23433	1
23470	1
23564	1
23567	1
23597	1
23616	1
23700	1
23732	1
23735	1
23757	1
23797	1
23802	1
23818	1
23830	1
23886	1
23890	1
23893	1
23926	1
23927	2
23931	1
23943	1
23945	2
23988	1
24006	1
24026	1
24069	1
24079	1
24107	1
24119	1
24121	1
24127	1
24152	1
24183	1
24185	1
24187	1
24199	1
24234	1
24243	1
24258	1
24300	1
24308	2
24309	1
24375	1
24388	1
24423	1
24425	1
24428	1
24470	1
24541	1
24549	1
24627	1
24660	1
24722	1
24784	1
24807	1
24889	1
24966	1
24982	1
25117	1
25243	1
25649	1
25865	1
25908	1
25910	1
25974	1
26037	1
26072	1
26211	1
26438	1
26495	1
26502	1
26564	1
26588	1
26597	1
26688	1
26690	1
26888	1
26891	1
27158	1
27166	1
27259	1
27318	1
27572	1
27846	1
27847	1
27872	1
27899	1
28043	1
28047	1
28547	1
28632	1
28729	1
28748	1
28801	1
28842	1
28898	1
28969	1
28983	1
29048	1
29051	1
29057	1
29216	1
29334	1
29395	1
29460	1
29510	1
29528	1
29566	1
29631	1
29662	1
29985	1
30377	1
30425	1
30553	1
30880	1
30988	1
30997	1
31086	1
31129	1
31165	1
31186	1
31277	1
31349	1
31357	1
31377	1
31429	1
31605	1
31745	1
31982	1
32116	1
32358	1
32602	1
32764	1
32887	1
33046	1
33230	1
33263	1
33329	1
33550	1
33759	1
33782	1
33822	1
33857	1
33961	1
34047	1
34062	1
34104	1
34185	1
34199	1
34263	1
34308	1
34649	1
34676	1
34768	1
34839	1
34848	1
34984	1
35016	1
35072	1
35082	1
35170	1
35199	1
35388	1
35436	1
35528	1
35541	1
35583	1
35763	1
35788	1
35873	1
35929	1
35977	1
36023	1
36044	1
36055	1
36759	1
36898	1
37197	1
37249	1
37343	1
37396	1
37538	1
37637	1
37773	1
37836	1
38814	1
39051	1
39061	1
39089	1
39414	1
39618	1
39639	1
39738	1
39837	1
39998	1
40032	1
40055	1
40169	1
40247	1
40336	1
40401	1
40619	1
40788	1
40958	1
41132	1
41302	1
41407	1
41731	1
41761	1
41934	1
42024	1
42157	1
42302	1
42905	1
43165	1
43167	1
43374	1
43430	1
44028	1
44135	1
44193	1
44415	1
44585	1
44691	1
44864	1
45150	1
45530	1
45693	1
45984	2
46015	1
46038	1
46066	1
46087	1
46251	1
46274	1
46446	1
46662	1
46693	1
46811	1
46947	1
46975	1
47042	1
47047	1
47096	1
47199	1
47295	1
47597	1
47632	1
47634	1
47741	1
47756	1
47799	1
47950	1
48021	1
48107	1
48211	1
48269	1
48316	1
48449	1
48509	1
48561	1
49184	1
49480	1
49490	1
49555	1
49699	1
49978	1
50110	1
50364	1
50564	1
50654	1
50902	1
50929	1
50965	1
51079	1
51106	1
51266	1
51290	1
51351	1
51393	1
51712	1
51956	1
52515	1
52729	1
52823	1
52834	1
53056	1
53681	1
53683	1
54045	1
54050	1
54409	1
54435	1
54466	1
54505	1
54748	1
54899	1
54951	1
55069	1
55213	1
56094	1
56131	1
56229	1
56335	1
56382	1
56843	1
57053	1
57299	1
57481	1
58887	1
58993	1
59133	1
59262	1
59295	1
60024	1
60047	1
60362	1
60467	1
60836	1
60876	1
61026	1
61138	1
61163	1
61226	1
61444	1
61591	1
61801	1
61967	1
61971	1
62231	1
62539	1
63247	1
63675	1
63948	1
66486	1
66824	1
67008	1
68091	1
68558	1
68566	1
68764	1
69237	1
69702	1
69868	1
69961	1
70063	1
70377	1
70502	1
70595	1
70811	1
70824	1
70911	1
70927	1
70952	1
71484	1
71497	1
72007	1
72190	1
72977	1
73323	1
73405	1
73493	1
73514	1
73645	1
73782	1
73918	1
73999	1
74021	1
74050	1
74107	1
74112	1
74174	1
74226	1
74314	1
74475	1
74649	1
74660	1
74714	1
75189	1
75389	1
75658	1
75898	1
76040	1
76061	1
76497	1
77422	1
79264	1
80781	1
81939	1
82338	1
87547	1
90686	1
95494	1
95642	1
96370	1
100889	1
177566	1
178019	1
295465	1
298141	1
342816	1
345744	1
