kmer frequency	Number of kmers int his category
1	32185140
2	2722169
3	630722
4	314760
5	211125
6	161537
7	133210
8	113652
9	99605
10	87123
11	79412
12	72763
13	68209
14	64464
15	60083
16	58880
17	55740
18	53708
19	53841
20	52155
21	50281
22	49438
23	47164
24	46732
25	44297
26	44372
27	42877
28	42642
29	41562
30	40996
31	39142
32	37853
33	37012
34	35390
35	35103
36	35153
37	34735
38	33778
39	33400
40	34108
41	33674
42	33260
43	33930
44	32769
45	33626
46	33740
47	32778
48	33473
49	33493
50	34347
51	34639
52	34717
53	35642
54	35909
55	35815
56	35969
57	36656
58	37913
59	40303
60	41326
61	40781
62	40451
63	41932
64	42585
65	42940
66	43103
67	42957
68	44019
69	45443
70	44864
71	45079
72	44231
73	45959
74	46279
75	46023
76	46411
77	47029
78	46733
79	46616
80	45944
81	45601
82	46271
83	45073
84	45325
85	45238
86	44993
87	44127
88	43142
89	42841
90	41936
91	41148
92	40777
93	40069
94	37770
95	36286
96	35270
97	34159
98	32104
99	31247
100	29643
101	28011
102	26186
103	25866
104	24696
105	23150
106	21201
107	20206
108	18583
109	17672
110	16755
111	15536
112	14191
113	13776
114	13032
115	12175
116	10619
117	9853
118	8899
119	8319
120	7016
121	6662
122	6294
123	5671
124	4958
125	4445
126	4047
127	3902
128	3620
129	3303
130	3204
131	2873
132	2573
133	2515
134	2267
135	2093
136	1977
137	1782
138	1559
139	1478
140	1386
141	1271
142	1177
143	1214
144	1092
145	1084
146	1102
147	1054
148	972
149	952
150	949
151	869
152	879
153	818
154	761
155	784
156	791
157	802
158	837
159	715
160	723
161	782
162	694
163	665
164	650
165	625
166	663
167	701
168	678
169	639
170	562
171	555
172	569
173	637
174	553
175	557
176	604
177	558
178	563
179	575
180	537
181	590
182	555
183	539
184	548
185	514
186	567
187	569
188	541
189	476
190	537
191	515
192	464
193	438
194	476
195	442
196	390
197	408
198	414
199	387
200	393
201	402
202	423
203	342
204	317
205	293
206	310
207	329
208	329
209	275
210	349
211	310
212	311
213	321
214	318
215	296
216	312
217	348
218	279
219	311
220	279
221	269
222	258
223	237
224	237
225	259
226	273
227	273
228	276
229	235
230	227
231	220
232	189
233	192
234	255
235	204
236	230
237	220
238	222
239	200
240	220
241	227
242	205
243	213
244	207
245	189
246	178
247	253
248	259
249	205
250	214
251	186
252	196
253	198
254	201
255	236
256	193
257	180
258	184
259	187
260	177
261	157
262	169
263	209
264	166
265	197
266	167
267	172
268	144
269	145
270	136
271	156
272	143
273	166
274	160
275	177
276	153
277	118
278	122
279	137
280	139
281	121
282	133
283	150
284	167
285	159
286	128
287	130
288	122
289	136
290	127
291	146
292	142
293	140
294	132
295	141
296	143
297	127
298	125
299	100
300	109
301	110
302	116
303	126
304	136
305	112
306	95
307	110
308	104
309	131
310	137
311	113
312	96
313	89
314	100
315	100
316	104
317	108
318	112
319	124
320	141
321	133
322	132
323	122
324	93
325	111
326	113
327	84
328	112
329	106
330	107
331	98
332	116
333	94
334	85
335	82
336	108
337	96
338	91
339	75
340	77
341	77
342	80
343	74
344	83
345	80
346	90
347	95
348	79
349	87
350	94
351	85
352	92
353	81
354	89
355	100
356	83
357	93
358	87
359	80
360	88
361	100
362	102
363	94
364	82
365	105
366	89
367	72
368	74
369	79
370	82
371	78
372	87
373	71
374	69
375	79
376	61
377	73
378	98
379	96
380	89
381	91
382	102
383	86
384	83
385	80
386	89
387	80
388	67
389	80
390	60
391	74
392	77
393	79
394	61
395	77
396	75
397	85
398	79
399	59
400	75
401	64
402	82
403	81
404	64
405	63
406	86
407	96
408	82
409	71
410	73
411	52
412	64
413	74
414	60
415	66
416	84
417	78
418	77
419	66
420	56
421	64
422	72
423	59
424	46
425	38
426	56
427	55
428	45
429	54
430	48
431	50
432	42
433	34
434	66
435	40
436	45
437	57
438	56
439	43
440	46
441	56
442	59
443	47
444	45
445	34
446	49
447	37
448	56
449	47
450	57
451	46
452	47
453	68
454	47
455	58
456	57
457	78
458	56
459	58
460	53
461	63
462	51
463	46
464	51
465	43
466	55
467	50
468	49
469	77
470	83
471	73
472	58
473	54
474	40
475	52
476	45
477	62
478	49
479	33
480	57
481	52
482	52
483	33
484	50
485	29
486	34
487	40
488	42
489	62
490	43
491	47
492	37
493	42
494	44
495	44
496	57
497	51
498	43
499	42
500	53
501	32
502	36
503	51
504	51
505	42
506	35
507	39
508	36
509	26
510	43
511	45
512	26
513	42
514	35
515	45
516	44
517	32
518	33
519	30
520	42
521	50
522	44
523	34
524	29
525	37
526	43
527	53
528	42
529	52
530	42
531	37
532	36
533	38
534	41
535	42
536	45
537	32
538	67
539	43
540	35
541	56
542	45
543	58
544	41
545	30
546	38
547	49
548	42
549	31
550	39
551	35
552	39
553	37
554	36
555	44
556	47
557	35
558	31
559	49
560	39
561	30
562	28
563	42
564	49
565	32
566	41
567	40
568	27
569	41
570	28
571	31
572	38
573	34
574	34
575	31
576	20
577	33
578	35
579	37
580	37
581	36
582	26
583	33
584	22
585	31
586	29
587	24
588	24
589	25
590	19
591	22
592	23
593	22
594	29
595	20
596	29
597	20
598	30
599	16
600	19
601	22
602	24
603	29
604	26
605	34
606	38
607	30
608	38
609	34
610	36
611	27
612	21
613	26
614	17
615	26
616	18
617	30
618	29
619	16
620	19
621	20
622	31
623	21
624	14
625	20
626	25
627	32
628	23
629	30
630	39
631	24
632	24
633	28
634	23
635	23
636	26
637	26
638	19
639	16
640	20
641	25
642	21
643	17
644	25
645	18
646	18
647	20
648	16
649	29
650	28
651	23
652	18
653	25
654	17
655	26
656	22
657	19
658	19
659	26
660	21
661	17
662	23
663	23
664	18
665	19
666	24
667	14
668	19
669	16
670	23
671	25
672	25
673	25
674	24
675	32
676	26
677	14
678	15
679	30
680	27
681	20
682	27
683	24
684	27
685	22
686	24
687	18
688	21
689	21
690	19
691	15
692	17
693	19
694	21
695	27
696	22
697	27
698	29
699	13
700	13
701	28
702	19
703	21
704	35
705	22
706	22
707	25
708	27
709	16
710	15
711	9
712	15
713	12
714	15
715	20
716	11
717	21
718	20
719	18
720	15
721	12
722	8
723	27
724	30
725	21
726	30
727	20
728	14
729	13
730	12
731	10
732	14
733	12
734	11
735	14
736	12
737	16
738	17
739	14
740	15
741	14
742	9
743	12
744	12
745	10
746	11
747	22
748	15
749	15
750	10
751	23
752	19
753	16
754	13
755	13
756	17
757	17
758	24
759	21
760	23
761	24
762	29
763	21
764	22
765	18
766	21
767	27
768	21
769	17
770	20
771	19
772	18
773	14
774	15
775	20
776	13
777	21
778	17
779	24
780	17
781	28
782	19
783	14
784	18
785	22
786	21
787	12
788	12
789	21
790	13
791	18
792	24
793	23
794	23
795	18
796	15
797	15
798	18
799	8
800	9
801	14
802	12
803	18
804	16
805	19
806	17
807	17
808	25
809	10
810	12
811	15
812	8
813	22
814	15
815	13
816	11
817	16
818	21
819	10
820	20
821	17
822	30
823	23
824	28
825	32
826	23
827	27
828	19
829	14
830	20
831	25
832	11
833	14
834	15
835	17
836	16
837	16
838	23
839	14
840	10
841	18
842	13
843	17
844	9
845	9
846	18
847	25
848	21
849	34
850	14
851	19
852	14
853	23
854	17
855	23
856	23
857	19
858	14
859	18
860	20
861	8
862	18
863	18
864	10
865	10
866	17
867	13
868	7
869	12
870	12
871	14
872	15
873	14
874	16
875	18
876	14
877	15
878	7
879	13
880	16
881	7
882	13
883	11
884	11
885	7
886	12
887	8
888	7
889	8
890	17
891	14
892	17
893	13
894	11
895	15
896	21
897	20
898	20
899	13
900	14
901	10
902	12
903	26
904	11
905	23
906	20
907	11
908	20
909	18
910	12
911	14
912	7
913	16
914	12
915	17
916	12
917	20
918	12
919	10
920	14
921	17
922	11
923	15
924	15
925	13
926	7
927	4
928	9
929	4
930	12
931	8
932	6
933	5
934	5
935	13
936	11
937	10
938	9
939	8
940	8
941	11
942	8
943	13
944	11
945	8
946	18
947	11
948	5
949	12
950	8
951	8
952	11
953	13
954	10
955	12
956	9
957	10
958	11
959	11
960	5
961	9
962	4
963	6
964	13
965	11
966	7
967	13
968	13
969	9
970	9
971	9
972	9
973	12
974	8
975	13
976	10
977	10
978	7
979	14
980	16
981	14
982	16
983	11
984	6
985	9
986	9
987	10
988	12
989	11
990	12
991	7
992	9
993	11
994	10
995	8
996	11
997	6
998	7
999	5
1000	7
1001	6
1002	12
1003	6
1004	7
1005	2
1006	6
1007	8
1008	8
1009	9
1010	8
1011	6
1012	11
1013	10
1014	11
1015	8
1016	9
1017	12
1018	9
1019	8
1020	5
1021	10
1022	12
1023	10
1024	11
1025	9
1026	7
1027	9
1028	13
1029	6
1030	6
1031	5
1032	7
1033	10
1034	11
1035	11
1036	13
1037	7
1038	10
1039	6
1040	10
1041	8
1042	12
1043	18
1044	16
1045	13
1046	15
1047	12
1048	16
1049	7
1050	15
1051	12
1052	9
1053	7
1054	17
1055	11
1056	7
1057	11
1058	14
1059	18
1060	19
1061	18
1062	16
1063	6
1064	10
1065	16
1066	13
1067	7
1068	9
1069	9
1070	6
1071	9
1072	10
1073	7
1074	3
1075	10
1076	4
1077	8
1078	9
1079	4
1080	8
1081	4
1082	6
1083	4
1084	5
1085	6
1086	5
1087	9
1088	2
1089	5
1090	4
1091	3
1092	5
1093	4
1094	4
1095	10
1096	9
1097	11
1098	8
1099	2
1100	6
1101	4
1102	1
1103	9
1104	6
1105	7
1106	5
1107	5
1108	9
1109	3
1110	3
1111	9
1112	12
1113	2
1114	11
1115	8
1116	13
1117	8
1118	16
1119	10
1120	14
1121	13
1122	9
1123	6
1124	8
1125	6
1126	4
1127	3
1128	3
1129	11
1130	8
1131	11
1132	6
1133	9
1134	10
1135	7
1136	8
1137	6
1138	8
1139	2
1140	6
1141	3
1142	6
1143	1
1144	4
1145	8
1146	7
1147	5
1148	2
1149	5
1150	2
1151	6
1152	4
1153	7
1154	4
1155	4
1156	6
1157	1
1158	6
1159	6
1160	6
1161	3
1162	5
1163	3
1164	5
1165	3
1166	5
1167	2
1168	2
1169	4
1170	5
1171	7
1172	3
1173	9
1174	5
1175	4
1176	1
1177	1
1178	3
1179	4
1180	1
1181	1
1182	6
1183	6
1184	5
1185	7
1186	5
1187	6
1188	11
1189	9
1190	10
1191	1
1192	3
1193	7
1194	11
1195	5
1196	2
1197	5
1198	2
1199	1
1200	5
1201	9
1202	6
1203	4
1204	5
1205	5
1206	4
1207	4
1208	2
1209	8
1210	4
1211	5
1212	1
1213	4
1214	6
1215	2
1216	1
1217	6
1218	4
1219	7
1220	2
1221	5
1222	2
1223	7
1224	3
1225	2
1226	5
1227	6
1228	3
1229	3
1230	9
1231	8
1232	6
1233	8
1234	2
1235	4
1236	6
1237	7
1238	11
1239	8
1240	7
1241	9
1242	8
1243	6
1244	11
1245	4
1246	4
1247	9
1248	6
1249	3
1250	5
1251	6
1252	8
1253	5
1254	1
1255	4
1256	6
1257	6
1258	2
1259	2
1260	1
1261	2
1262	6
1263	3
1264	7
1265	4
1266	5
1267	5
1268	2
1269	3
1270	2
1271	3
1272	5
1273	2
1274	4
1275	9
1276	4
1277	3
1278	2
1279	3
1280	6
1281	5
1282	9
1283	4
1284	6
1285	5
1286	3
1287	6
1288	3
1289	5
1290	6
1291	4
1292	5
1293	6
1294	10
1295	4
1296	4
1297	4
1298	3
1299	3
1300	2
1301	4
1302	3
1303	1
1304	1
1305	3
1306	5
1307	12
1308	8
1309	6
1310	1
1311	4
1312	6
1313	5
1314	3
1315	2
1316	9
1317	2
1318	7
1319	1
1320	6
1321	4
1322	1
1323	1
1324	4
1325	4
1326	5
1327	4
1328	8
1329	4
1330	8
1331	5
1332	1
1333	1
1334	3
1335	4
1336	6
1337	2
1338	4
1339	7
1340	6
1341	1
1342	6
1343	3
1344	6
1345	3
1346	4
1347	1
1348	4
1349	4
1350	1
1351	4
1352	5
1353	2
1354	4
1355	4
1356	1
1357	1
1358	5
1359	3
1360	4
1361	3
1362	2
1363	4
1364	5
1365	2
1366	6
1367	3
1368	6
1369	4
1370	6
1371	4
1372	6
1373	10
1374	4
1375	2
1376	2
1377	2
1379	3
1380	4
1381	4
1382	3
1383	3
1384	4
1385	2
1386	7
1387	5
1388	2
1389	3
1390	5
1391	4
1392	4
1393	4
1394	5
1395	5
1396	9
1397	8
1398	5
1399	10
1400	3
1401	2
1402	6
1403	4
1404	11
1405	6
1406	6
1407	6
1408	3
1409	3
1410	5
1411	7
1412	2
1413	7
1414	6
1415	1
1416	9
1417	4
1418	3
1419	5
1420	5
1421	3
1422	5
1423	3
1424	3
1425	1
1426	3
1427	2
1428	3
1429	3
1431	4
1432	5
1433	3
1434	3
1435	3
1436	2
1437	5
1438	8
1439	5
1440	3
1441	3
1442	9
1443	4
1444	4
1445	8
1446	6
1447	5
1448	2
1449	2
1450	2
1451	4
1452	5
1453	5
1454	1
1455	5
1456	5
1457	9
1458	5
1459	6
1460	8
1461	5
1462	6
1463	5
1464	3
1465	4
1466	11
1467	4
1468	5
1469	6
1470	5
1471	9
1472	7
1473	5
1474	7
1475	4
1476	2
1477	1
1478	3
1479	4
1480	2
1481	6
1482	2
1483	7
1484	12
1485	5
1486	5
1487	5
1488	3
1489	2
1490	2
1491	1
1492	6
1493	7
1494	3
1495	4
1496	5
1497	4
1498	5
1499	5
1500	5
1501	3
1502	5
1503	6
1504	6
1505	3
1506	5
1507	7
1508	10
1509	7
1510	6
1511	6
1512	1
1513	5
1514	4
1515	3
1517	3
1518	4
1519	12
1520	7
1521	6
1522	3
1523	5
1524	4
1525	5
1526	4
1527	1
1528	5
1529	7
1530	10
1531	8
1532	7
1533	8
1534	6
1535	3
1536	5
1537	2
1538	1
1539	5
1540	2
1541	7
1542	2
1543	5
1544	4
1545	5
1546	5
1547	3
1548	2
1549	6
1550	1
1552	7
1553	2
1554	2
1555	4
1556	4
1557	8
1558	3
1559	4
1560	6
1561	3
1562	1
1563	2
1564	4
1565	1
1566	4
1567	3
1568	4
1569	1
1570	2
1571	2
1572	2
1573	1
1574	3
1575	4
1576	3
1577	1
1578	5
1579	6
1580	5
1581	3
1582	5
1583	4
1584	4
1585	5
1586	4
1587	3
1588	6
1589	3
1590	6
1591	4
1592	2
1593	2
1594	1
1595	2
1596	6
1597	1
1598	3
1599	7
1600	2
1601	4
1602	3
1603	1
1604	4
1605	5
1606	7
1607	4
1608	4
1609	4
1610	2
1611	3
1613	1
1614	1
1615	1
1616	2
1617	2
1618	3
1619	6
1620	3
1621	4
1622	7
1623	4
1625	2
1626	5
1627	2
1628	6
1629	4
1631	3
1633	1
1634	1
1635	2
1636	1
1637	3
1639	1
1640	2
1641	2
1643	2
1645	1
1647	2
1648	2
1649	1
1650	2
1651	1
1652	1
1655	1
1656	1
1657	1
1658	1
1660	2
1661	1
1662	2
1663	1
1664	1
1665	2
1666	1
1668	2
1669	2
1670	1
1671	1
1672	3
1673	3
1674	1
1676	2
1677	6
1678	2
1679	5
1681	1
1682	1
1684	1
1685	3
1687	4
1688	2
1689	1
1690	2
1691	1
1692	4
1693	3
1695	2
1696	3
1697	1
1698	2
1699	1
1700	3
1701	1
1703	2
1706	4
1709	1
1710	3
1711	2
1712	1
1713	2
1714	2
1715	2
1716	2
1717	1
1718	1
1720	2
1721	2
1722	7
1723	3
1724	5
1726	2
1728	2
1729	1
1730	3
1732	1
1733	1
1734	4
1735	2
1736	2
1737	1
1738	3
1739	1
1740	4
1741	4
1742	3
1743	4
1744	3
1745	5
1746	5
1747	2
1748	4
1749	6
1750	2
1751	1
1752	3
1753	1
1754	3
1755	6
1756	1
1757	2
1758	1
1759	1
1760	4
1761	1
1762	1
1763	2
1764	3
1765	1
1767	1
1769	5
1770	2
1771	1
1773	3
1774	1
1775	2
1776	2
1777	2
1778	1
1779	2
1780	1
1781	3
1782	1
1784	1
1785	4
1786	1
1787	1
1788	5
1789	4
1790	1
1792	2
1793	2
1794	3
1795	1
1796	2
1797	4
1798	1
1799	1
1800	1
1801	5
1803	2
1805	1
1806	1
1807	1
1808	4
1812	3
1813	4
1814	3
1815	1
1816	3
1817	1
1818	1
1819	1
1820	2
1821	1
1822	2
1824	1
1825	1
1826	1
1830	2
1831	2
1832	1
1833	3
1834	2
1835	2
1836	1
1837	1
1839	4
1841	3
1842	1
1843	2
1844	2
1845	5
1846	3
1847	1
1848	3
1849	4
1850	3
1851	2
1852	2
1853	3
1854	3
1855	1
1857	3
1858	3
1859	5
1860	1
1861	2
1862	2
1863	1
1864	4
1866	4
1867	3
1868	4
1869	3
1871	4
1872	4
1873	1
1874	1
1875	2
1876	1
1877	2
1878	5
1879	6
1880	2
1881	6
1882	1
1883	5
1884	1
1886	4
1887	1
1888	5
1889	1
1890	2
1891	3
1892	1
1894	1
1895	1
1897	3
1898	1
1900	1
1901	1
1902	5
1904	2
1905	2
1906	1
1907	2
1909	2
1911	1
1913	2
1914	1
1915	2
1916	1
1918	3
1920	3
1921	1
1922	2
1923	1
1924	1
1925	2
1926	3
1927	1
1928	2
1929	3
1930	4
1932	4
1934	3
1935	1
1937	4
1938	1
1940	2
1941	3
1943	1
1944	1
1945	2
1946	5
1947	4
1948	3
1949	3
1950	1
1951	8
1952	1
1953	1
1954	1
1955	4
1956	4
1957	2
1958	6
1959	2
1960	3
1961	4
1962	1
1963	2
1964	4
1965	6
1966	2
1968	2
1969	4
1971	2
1972	1
1973	4
1974	4
1975	2
1977	6
1978	3
1979	1
1980	3
1981	1
1982	2
1983	1
1985	5
1986	5
1987	3
1988	5
1990	2
1991	2
1992	2
1993	5
1996	2
1997	1
1999	1
2000	2
2002	1
2004	3
2006	3
2007	1
2010	2
2012	4
2013	2
2014	1
2015	1
2016	2
2018	3
2019	1
2020	3
2022	1
2023	2
2024	1
2026	3
2027	1
2028	1
2029	1
2032	1
2033	3
2034	1
2035	1
2037	1
2038	3
2039	3
2040	1
2042	4
2043	2
2044	2
2045	4
2046	1
2047	2
2048	2
2049	2
2052	1
2054	2
2056	1
2059	2
2061	1
2063	1
2064	1
2066	1
2067	2
2068	2
2070	2
2072	1
2073	1
2075	1
2077	2
2078	2
2080	1
2082	2
2083	1
2084	1
2086	1
2087	1
2089	1
2090	1
2091	1
2096	2
2097	2
2098	1
2099	3
2100	1
2101	4
2102	4
2103	4
2104	4
2107	2
2109	2
2110	2
2111	1
2112	2
2114	1
2115	2
2116	1
2117	2
2118	1
2119	1
2120	1
2121	1
2123	1
2125	2
2126	1
2127	2
2128	3
2129	3
2130	2
2131	3
2132	1
2134	1
2135	5
2136	1
2137	2
2138	4
2139	3
2140	1
2141	2
2142	3
2143	4
2144	1
2145	3
2146	5
2147	6
2148	1
2149	3
2150	5
2151	5
2152	3
2153	5
2154	1
2156	2
2158	1
2159	1
2160	1
2161	4
2162	1
2163	4
2165	5
2166	1
2167	3
2169	3
2172	3
2173	3
2174	3
2176	4
2177	2
2178	3
2180	1
2181	1
2182	6
2183	2
2185	2
2186	2
2187	2
2188	2
2189	4
2191	1
2192	2
2193	3
2194	6
2195	3
2196	2
2197	1
2198	2
2199	3
2200	1
2201	3
2202	3
2204	2
2205	1
2206	3
2207	3
2208	4
2209	2
2210	4
2211	5
2212	6
2213	6
2214	1
2215	2
2216	4
2217	4
2218	6
2219	7
2220	2
2221	3
2222	1
2223	2
2224	1
2225	1
2226	1
2227	4
2228	2
2229	3
2230	1
2231	2
2232	1
2233	2
2234	2
2235	5
2236	2
2237	1
2238	4
2239	5
2240	3
2241	3
2242	3
2243	5
2244	5
2245	4
2246	1
2247	2
2248	1
2249	4
2250	1
2251	4
2252	4
2253	1
2254	1
2255	1
2256	2
2257	1
2258	3
2259	3
2260	4
2261	1
2262	2
2263	3
2264	3
2265	4
2266	5
2267	2
2268	5
2269	1
2270	4
2271	3
2272	3
2273	1
2274	1
2275	4
2276	2
2277	4
2278	3
2279	5
2280	3
2281	5
2282	3
2284	1
2288	3
2290	3
2291	4
2292	1
2293	1
2294	2
2295	5
2296	2
2297	4
2298	1
2299	2
2300	2
2302	1
2303	1
2304	2
2305	2
2306	5
2307	1
2308	3
2309	1
2310	1
2312	5
2313	5
2314	5
2315	2
2316	3
2317	4
2318	2
2319	3
2320	3
2322	3
2324	1
2325	2
2326	3
2327	8
2328	2
2329	3
2330	2
2331	2
2332	5
2333	2
2334	4
2335	2
2336	5
2337	1
2338	2
2339	4
2340	2
2341	8
2342	3
2343	3
2344	4
2345	2
2346	3
2347	3
2348	2
2349	6
2350	2
2351	2
2353	5
2354	2
2355	1
2356	1
2357	1
2358	1
2359	5
2360	2
2361	3
2362	4
2363	1
2364	1
2365	1
2366	1
2367	2
2369	1
2370	2
2371	1
2372	2
2373	2
2374	1
2375	2
2376	4
2377	1
2378	1
2379	2
2380	2
2382	1
2383	4
2384	3
2385	1
2386	2
2387	3
2388	2
2389	2
2390	5
2391	1
2392	3
2394	4
2395	2
2396	2
2397	1
2399	3
2401	2
2402	2
2403	2
2404	1
2405	2
2406	2
2407	1
2408	1
2409	5
2410	1
2413	4
2414	2
2415	1
2417	1
2418	2
2421	3
2422	2
2423	1
2426	1
2428	1
2429	2
2435	1
2436	2
2437	1
2438	1
2440	1
2441	1
2444	1
2445	1
2446	2
2448	1
2449	1
2451	1
2454	1
2456	2
2459	1
2462	2
2463	2
2465	1
2466	4
2467	3
2468	2
2469	2
2470	3
2471	4
2472	1
2473	1
2474	4
2475	2
2477	1
2479	3
2480	1
2481	2
2482	4
2483	3
2484	3
2485	2
2486	1
2487	1
2488	1
2489	3
2490	1
2491	1
2493	3
2496	2
2498	1
2499	2
2501	1
2502	1
2503	3
2504	3
2505	6
2506	1
2507	1
2508	1
2509	1
2511	1
2513	2
2514	2
2515	1
2516	1
2518	1
2519	1
2523	1
2531	1
2534	2
2538	1
2539	2
2540	1
2541	2
2542	1
2543	2
2545	1
2547	3
2549	1
2550	1
2552	1
2553	1
2554	3
2555	1
2556	1
2557	2
2558	1
2559	1
2560	1
2562	1
2563	1
2564	2
2565	1
2567	1
2570	1
2571	2
2572	1
2573	2
2574	3
2575	2
2576	1
2579	1
2580	4
2581	2
2585	2
2586	1
2587	1
2589	2
2592	1
2593	2
2596	1
2597	1
2599	1
2600	2
2601	4
2603	3
2606	1
2607	3
2608	2
2609	2
2610	1
2611	1
2613	1
2614	1
2616	1
2617	3
2618	1
2620	2
2621	2
2622	1
2625	3
2626	1
2627	1
2628	1
2630	1
2631	3
2632	2
2639	1
2642	2
2643	1
2644	2
2645	2
2646	1
2648	1
2651	2
2652	2
2654	1
2657	1
2658	1
2664	2
2665	1
2669	1
2676	1
2678	1
2683	1
2685	1
2688	1
2693	1
2694	1
2703	1
2705	2
2707	1
2711	1
2716	3
2717	2
2719	2
2721	1
2723	2
2727	1
2728	1
2735	1
2738	1
2748	1
2750	1
2752	1
2761	1
2762	1
2763	1
2766	3
2768	1
2770	1
2771	1
2773	1
2775	1
2783	2
2789	1
2790	1
2792	1
2794	2
2798	1
2804	2
2807	1
2808	1
2812	2
2813	1
2817	2
2818	2
2821	1
2825	2
2828	1
2833	1
2835	1
2836	1
2837	2
2838	1
2841	1
2845	1
2849	1
2854	1
2859	1
2860	2
2862	1
2870	1
2872	1
2878	1
2882	1
2883	1
2885	1
2891	1
2892	1
2893	2
2894	1
2896	1
2899	1
2900	1
2904	1
2907	2
2908	1
2911	2
2912	1
2913	1
2915	1
2919	1
2921	2
2925	1
2928	2
2930	2
2934	2
2936	1
2939	1
2940	2
2941	1
2948	1
2949	1
2950	1
2951	1
2954	1
2956	1
2958	1
2962	2
2964	1
2969	1
2972	2
2973	2
2974	2
2976	1
2979	2
2982	2
2984	1
2988	3
2989	1
2991	1
2992	1
2994	1
2995	1
2998	1
3001	1
3007	2
3008	1
3010	1
3011	1
3014	1
3015	2
3017	2
3019	1
3021	1
3022	1
3024	2
3027	2
3028	2
3029	1
3030	1
3031	1
3032	1
3033	1
3034	1
3035	3
3036	1
3037	1
3041	2
3042	1
3045	4
3046	6
3048	1
3050	1
3051	1
3052	3
3053	2
3054	1
3055	1
3056	1
3057	3
3058	2
3059	1
3060	5
3061	2
3062	1
3063	1
3065	1
3066	1
3067	1
3069	2
3071	1
3073	3
3074	1
3075	1
3079	2
3080	2
3081	1
3084	1
3088	2
3091	1
3094	2
3099	2
3102	1
3103	1
3104	1
3105	1
3106	1
3108	2
3109	2
3110	2
3111	2
3113	2
3125	1
3126	2
3128	4
3129	2
3130	2
3131	3
3134	1
3135	1
3136	1
3138	2
3139	2
3141	1
3142	2
3144	1
3145	1
3146	2
3147	1
3149	1
3152	1
3153	1
3155	1
3156	1
3157	3
3160	1
3161	3
3162	1
3163	1
3165	2
3166	1
3169	2
3170	1
3173	1
3175	1
3187	1
3188	4
3189	3
3190	1
3191	2
3192	4
3195	2
3199	1
3201	2
3202	1
3207	1
3210	1
3213	1
3214	1
3215	1
3218	2
3226	1
3235	1
3240	1
3241	1
3243	1
3244	1
3253	1
3257	1
3258	1
3259	1
3260	2
3261	3
3262	2
3263	2
3264	1
3266	1
3267	1
3268	1
3270	1
3274	1
3275	2
3277	1
3278	1
3279	1
3280	2
3282	1
3283	2
3285	1
3287	2
3290	3
3293	1
3294	1
3296	2
3297	1
3299	2
3301	3
3306	1
3308	2
3313	1
3318	1
3320	1
3321	1
3322	1
3327	1
3334	1
3335	1
3336	1
3337	1
3339	1
3347	1
3348	1
3350	1
3351	1
3356	2
3357	1
3363	1
3365	1
3369	1
3370	1
3382	1
3383	1
3390	1
3400	1
3401	1
3405	1
3414	1
3420	1
3421	1
3422	1
3423	1
3425	1
3426	1
3429	2
3430	2
3431	1
3432	1
3437	2
3439	2
3440	1
3441	3
3442	1
3447	1
3448	1
3449	1
3451	1
3453	3
3454	1
3457	1
3458	1
3459	1
3460	2
3461	1
3462	3
3465	1
3466	1
3467	1
3468	2
3469	2
3471	1
3472	2
3474	1
3475	1
3477	1
3489	3
3490	1
3502	2
3506	2
3508	1
3516	1
3522	1
3529	1
3530	1
3539	1
3540	1
3541	1
3543	1
3548	1
3549	1
3551	1
3553	1
3558	1
3559	1
3562	2
3564	1
3566	1
3569	1
3571	1
3574	1
3578	2
3589	1
3591	1
3593	1
3603	2
3606	2
3608	2
3610	2
3612	2
3615	1
3616	2
3617	1
3619	2
3621	1
3622	1
3627	2
3628	1
3634	1
3638	2
3643	1
3644	1
3646	1
3647	1
3649	2
3650	1
3651	1
3653	2
3656	1
3662	1
3668	1
3669	1
3670	1
3671	1
3672	1
3673	2
3677	1
3682	1
3688	2
3691	1
3702	2
3704	1
3707	1
3708	1
3709	1
3714	1
3715	1
3718	1
3725	2
3731	1
3733	1
3734	1
3738	1
3742	1
3750	1
3754	2
3755	1
3757	1
3760	2
3762	1
3763	1
3768	1
3772	1
3777	1
3779	1
3780	1
3781	1
3789	2
3792	2
3794	1
3800	1
3805	2
3810	1
3817	1
3818	1
3821	1
3823	1
3835	1
3850	1
3852	1
3873	1
3875	1
3876	1
3881	1
3883	1
3896	2
3905	1
3912	1
3922	2
3931	1
3940	1
3946	1
3950	1
3952	1
3953	1
3954	1
3970	1
3988	1
4000	1
4002	1
4004	1
4006	1
4014	1
4017	1
4019	1
4028	1
4035	1
4052	1
4055	1
4069	2
4081	1
4084	1
4089	1
4092	1
4098	1
4099	1
4101	1
4104	1
4105	1
4120	1
4126	1
4136	1
4155	1
4162	1
4163	1
4166	1
4169	1
4177	1
4178	1
4181	1
4182	1
4188	1
4204	1
4209	1
4214	1
4219	1
4234	1
4240	1
4242	2
4251	1
4252	1
4258	1
4260	1
4275	1
4293	1
4308	1
4318	1
4329	1
4332	1
4333	1
4336	1
4337	2
4341	1
4348	1
4351	1
4354	1
4356	1
4361	1
4371	1
4376	1
4379	1
4380	1
4381	1
4385	1
4387	1
4389	1
4392	1
4395	1
4397	1
4410	1
4424	1
4428	1
4434	1
4438	1
4439	1
4440	2
4445	3
4461	2
4462	2
4463	1
4466	1
4474	2
4483	1
4484	1
4500	1
4504	1
4508	1
4514	1
4526	1
4539	1
4545	1
4546	1
4559	1
4563	1
4581	1
4600	1
4604	1
4607	1
4608	1
4610	1
4620	1
4628	1
4630	1
4634	1
4638	1
4641	1
4664	2
4668	1
4682	1
4687	1
4694	1
4721	2
4755	1
4772	1
4785	1
4795	1
4797	1
4799	1
4825	1
4831	1
4842	1
4863	1
4892	1
4893	1
4905	1
4916	1
4935	1
4955	1
4968	1
4991	1
5017	1
5035	1
5057	1
5060	2
5089	1
5094	1
5111	1
5117	1
5143	1
5147	1
5149	1
5151	1
5154	1
5159	1
5170	1
5187	1
5195	2
5196	1
5198	1
5202	1
5210	1
5217	1
5220	2
5223	1
5225	1
5234	1
5235	1
5240	1
5254	1
5261	1
5262	1
5264	1
5272	1
5274	1
5319	1
5338	1
5353	1
5364	1
5365	1
5369	1
5370	1
5391	1
5399	1
5419	1
5422	1
5424	1
5439	1
5446	3
5449	1
5466	1
5470	1
5478	1
5512	1
5516	1
5517	1
5519	1
5527	1
5565	1
5573	2
5574	1
5577	1
5585	1
5590	1
5593	1
5594	1
5597	2
5604	1
5609	1
5613	1
5615	1
5616	1
5617	1
5618	1
5620	2
5621	1
5629	1
5630	1
5642	1
5647	1
5651	1
5665	1
5666	1
5691	1
5711	2
5730	1
5746	1
5748	1
5754	1
5761	1
5766	1
5768	1
5778	1
5789	1
5792	1
5821	1
5826	2
5834	1
5842	1
5843	1
5849	1
5862	1
5896	1
5900	1
5908	1
5909	1
5913	1
5924	1
5950	1
5968	1
5975	1
5981	1
6018	1
6030	1
6032	1
6034	2
6061	1
6067	1
6073	1
6082	1
6086	1
6117	1
6119	1
6139	1
6144	1
6145	1
6169	1
6191	1
6237	1
6262	1
6289	1
6358	1
6364	1
6372	1
6386	1
6398	1
6400	1
6401	1
6407	1
6422	2
6428	1
6437	1
6440	1
6441	2
6442	1
6448	1
6509	1
6522	1
6553	1
6559	1
6566	1
6590	1
6592	1
6596	1
6597	1
6599	1
6601	1
6602	2
6614	3
6617	1
6624	1
6630	1
6631	1
6642	1
6643	1
6648	1
6650	1
6651	1
6652	1
6653	1
6656	1
6660	1
6665	1
6666	1
6671	1
6672	1
6673	1
6675	1
6683	1
6684	1
6685	2
6687	1
6690	1
6698	1
6700	1
6702	1
6706	1
6707	2
6712	2
6715	1
6717	1
6718	1
6722	1
6723	1
6725	2
6726	1
6727	1
6728	3
6734	1
6742	1
6745	1
6747	1
6749	1
6752	1
6758	1
6762	1
6763	1
6764	1
6766	1
6769	1
6770	1
6772	1
6774	2
6775	1
6778	3
6779	1
6780	4
6781	1
6783	1
6786	1
6787	1
6788	1
6796	1
6799	1
6801	1
6803	1
6804	1
6805	1
6808	1
6811	2
6821	1
6825	1
6830	1
6846	1
6858	1
6896	1
6906	1
6907	1
6909	1
6930	1
6937	1
6947	1
6950	1
6999	1
7006	1
7009	1
7015	1
7017	1
7022	1
7028	1
7031	1
7036	1
7039	1
7040	1
7044	1
7052	1
7056	1
7060	1
7064	1
7065	1
7068	1
7073	1
7080	1
7086	1
7087	1
7090	1
7092	1
7102	1
7107	1
7119	1
7128	1
7133	1
7144	1
7146	1
7148	1
7151	1
7158	1
7161	1
7172	1
7191	2
7200	1
7201	1
7213	1
7216	1
7232	1
7243	1
7263	1
7275	1
7280	1
7281	1
7285	1
7287	1
7290	1
7309	1
7311	1
7318	1
7353	1
7354	1
7396	1
7404	1
7409	1
7418	1
7438	1
7442	1
7453	1
7460	1
7470	1
7480	1
7489	1
7493	1
7496	1
7520	1
7546	1
7557	1
7570	1
7587	1
7619	1
7629	1
7643	1
7658	1
7694	1
7699	1
7786	1
7803	1
7815	1
7816	2
7847	1
7875	1
7898	2
7910	1
7914	1
7940	1
7944	1
7946	1
7956	1
7977	1
8023	1
8043	1
8048	1
8066	1
8077	2
8091	1
8101	1
8105	1
8108	1
8111	1
8113	1
8171	1
8181	2
8191	1
8192	1
8196	1
8202	1
8221	1
8222	1
8227	1
8270	1
8298	1
8302	1
8332	1
8349	1
8357	1
8367	1
8377	1
8399	1
8448	1
8473	1
8476	1
8492	1
8504	2
8509	1
8517	1
8522	1
8530	1
8535	1
8544	1
8546	1
8568	1
8579	1
8603	1
8673	1
8712	1
8715	1
8858	1
8944	1
9039	1
9072	1
9085	1
9185	1
9226	1
9233	1
9281	1
9282	1
9291	1
9300	1
9317	1
9333	1
9346	1
9355	1
9386	1
9387	1
9395	1
9397	1
9401	1
9403	2
9408	1
9421	1
9425	1
9428	2
9442	1
9446	1
9453	1
9460	1
9487	1
9493	1
9498	1
9515	1
9546	1
9587	1
9603	1
9654	1
9688	1
9743	1
9879	1
9951	1
10021	1
10028	1
10047	1
10130	1
10184	1
10207	1
10247	1
10303	1
10310	1
10337	1
10376	1
10460	1
10468	1
10517	1
10520	1
10578	1
10599	1
10644	1
10676	1
10717	1
10725	1
10736	1
10757	1
10760	1
10781	2
10790	1
10791	1
10802	1
10824	1
10865	1
10881	1
10908	1
10972	1
10985	1
11049	1
11100	1
11160	1
11371	1
11519	1
11535	1
11561	1
11608	1
11648	1
11657	1
11765	1
11804	2
11873	1
12007	1
12023	1
12266	1
12290	1
12346	1
12398	1
12400	1
12415	1
12424	1
12460	1
12461	1
12520	1
12574	1
12601	1
12611	1
12617	1
12643	1
12711	1
12975	1
12993	1
13041	1
13114	1
13183	1
13184	1
13224	1
13268	1
13275	1
13357	1
13390	1
13434	1
13471	1
13489	1
13512	1
13590	1
13593	1
13602	1
13631	1
13635	1
13651	1
13703	1
13710	1
13711	1
13741	1
13758	1
13809	1
13855	1
13858	1
13903	1
13968	1
13994	1
14017	1
14144	1
14249	1
14293	1
14304	1
14365	1
14395	1
14401	1
14403	1
14414	1
14415	1
14443	1
14456	1
14458	1
14474	1
14507	1
14553	1
14559	1
14565	1
14612	1
14691	1
14750	1
14765	1
14819	1
14872	1
14920	1
14977	1
14995	1
15020	1
15034	1
15057	1
15122	1
15128	1
15158	1
15297	1
15313	1
15348	1
15386	1
15422	1
15460	1
15477	1
15492	1
15528	1
15530	1
15535	1
15540	1
15593	1
15598	1
15611	1
15612	1
15628	1
15634	1
15641	1
15645	1
15667	1
15678	1
15691	1
15699	1
15700	1
15813	1
15814	1
15993	1
16011	1
16058	1
16066	1
16122	1
16125	1
16331	1
17005	1
17048	1
17054	1
17057	1
17071	1
17072	1
17081	1
17114	1
17125	1
17137	1
17169	1
17191	1
17214	1
17217	1
17253	1
17302	1
17340	1
17349	1
17428	1
17435	1
17440	1
17467	1
17485	1
17488	1
17537	1
17546	1
17551	1
17678	1
17749	1
17843	1
17888	1
17918	1
18043	1
18123	1
18141	1
18169	1
18176	1
18191	1
18223	1
18226	1
18250	1
18277	1
18292	1
18296	1
18324	1
18326	1
18355	1
18378	1
18400	1
18488	1
18520	1
18561	1
18576	1
18583	1
18641	1
18754	1
18854	1
18872	1
18990	1
19009	1
19063	1
19064	1
19091	1
19160	1
19185	1
19186	1
19197	1
19210	1
19222	1
19245	1
19270	1
19279	1
19297	2
19431	1
19471	1
19491	1
19574	1
19581	1
19584	1
19614	1
19618	2
19641	1
19653	1
19659	1
19664	1
19671	1
19687	1
19756	1
19787	1
19791	1
19801	1
19805	1
19810	1
19831	1
19848	1
19861	1
19893	1
19895	1
19912	1
19943	1
19945	1
20010	1
20092	1
20095	1
20120	1
20129	1
20138	1
20159	1
20218	1
20223	1
20233	1
20242	1
20270	1
20289	1
20293	1
20296	1
20310	1
20314	1
20327	1
20359	1
20370	1
20380	1
20444	1
20575	1
20627	1
20634	1
20678	1
20725	1
20729	1
20778	1
20811	1
20814	1
20831	1
20835	1
20875	1
20888	1
21054	1
21105	1
21160	1
21221	1
21254	1
21363	1
21382	1
21386	1
21402	1
21496	1
21604	1
21639	1
21651	1
21709	1
21792	1
21879	1
22000	1
22014	1
22034	1
22050	1
22091	1
22093	1
22187	1
22188	1
22222	1
22273	1
22301	1
22302	1
22325	1
22334	1
22406	1
22407	1
22434	1
22526	1
22545	1
22626	1
22650	1
22665	1
22668	1
22750	1
22863	1
22868	1
22919	1
22928	1
22957	1
22979	1
23006	1
23013	1
23028	1
23048	1
23062	2
23088	1
23122	1
23129	1
23140	1
23242	1
23269	1
23320	1
23328	1
23345	1
23363	1
23367	1
23404	1
24236	1
25033	1
25206	1
25943	1
25974	1
26002	1
26066	1
26165	1
26236	1
26252	1
26392	1
26781	1
27490	1
27508	1
27515	1
28798	1
29191	1
29237	1
29302	1
29381	1
29483	1
29668	1
29875	1
30299	1
30547	1
30614	1
30617	1
30663	1
30774	1
30879	1
31049	1
31241	1
31330	1
31547	1
31561	1
31917	1
32483	1
32556	1
32760	1
32761	1
32999	1
33352	1
33405	1
34708	1
35769	1
36185	1
41425	1
41616	1
41782	1
42097	1
42181	1
42445	1
42467	1
42569	1
42590	1
43737	1
44341	1
44410	1
44594	1
45036	1
45177	1
45395	1
45527	1
45629	1
47434	1
47855	1
47952	1
48050	1
49749	1
49767	1
49801	1
50347	1
50612	1
50632	1
50700	1
50749	1
50890	1
50892	1
51144	1
51212	1
51276	1
51317	1
51452	1
51630	1
51699	1
51774	1
52399	1
52585	1
55103	1
55745	1
55817	1
55863	1
55975	1
56704	1
57497	1
57893	1
57975	1
58077	1
58088	1
63187	1
65118	1
65126	1
65585	1
65914	1
65935	1
65940	1
66167	1
66193	1
66458	1
66609	1
66901	1
67607	1
67633	1
67733	1
68496	1
68601	1
68824	1
68842	1
68849	1
69063	1
69210	1
69367	1
69700	1
69828	1
69844	1
69885	1
70552	1
70626	1
70899	1
71045	1
71223	1
71292	1
71439	1
71962	1
71984	1
72321	1
72376	1
74156	1
74782	1
75493	1
207904	1
209553	1
242149	1
244152	1
