kmer frequency	Number of kmers int his category
1	27924772
2	2145919
3	582116
4	545981
5	1788173
6	855977
7	307798
8	115258
9	55111
10	38562
11	24447
12	15948
13	10844
14	7811
15	6125
16	4958
17	4023
18	3645
19	2831
20	2369
21	2070
22	1772
23	1636
24	1494
25	1238
26	1077
27	1022
28	941
29	877
30	796
31	759
32	597
33	586
34	538
35	546
36	508
37	437
38	422
39	353
40	325
41	328
42	327
43	290
44	272
45	283
46	267
47	220
48	247
49	211
50	213
51	183
52	199
53	198
54	201
55	135
56	147
57	169
58	160
59	139
60	130
61	130
62	135
63	128
64	119
65	128
66	100
67	106
68	106
69	81
70	94
71	94
72	87
73	72
74	68
75	95
76	76
77	84
78	55
79	72
80	60
81	61
82	62
83	58
84	73
85	52
86	49
87	42
88	53
89	47
90	54
91	44
92	34
93	47
94	29
95	36
96	37
97	33
98	33
99	41
100	21
101	25
102	32
103	31
104	32
105	29
106	25
107	22
108	33
109	29
110	27
111	24
112	27
113	28
114	26
115	22
116	24
117	24
118	28
119	15
120	21
121	17
122	16
123	11
124	22
125	15
126	22
127	7
128	13
129	14
130	18
131	12
132	10
133	17
134	6
135	7
136	10
137	14
138	14
139	10
140	11
141	13
142	10
143	8
144	13
145	9
146	14
147	9
148	6
149	5
150	6
151	11
152	9
153	11
154	6
155	7
156	11
157	8
158	6
159	5
160	1
161	2
162	10
163	12
164	4
165	11
166	9
167	7
168	8
169	4
170	4
171	7
172	8
173	8
174	6
175	6
176	6
177	7
178	11
179	4
180	4
181	10
182	2
183	8
184	2
185	4
186	4
187	6
188	10
189	3
190	5
191	5
192	8
193	3
194	6
195	6
196	4
197	2
198	3
200	5
201	5
202	3
203	3
204	2
205	5
206	6
207	3
208	1
209	5
210	1
211	4
212	1
213	2
214	1
215	3
216	5
217	2
218	6
219	2
220	4
221	2
222	4
223	5
224	1
226	4
227	3
228	2
229	2
230	1
231	5
232	2
233	2
234	2
235	3
236	3
237	2
238	1
239	4
240	4
241	3
242	2
243	2
244	1
245	2
247	1
248	1
249	2
250	2
251	2
253	3
254	2
256	2
257	3
258	3
259	3
260	2
261	1
262	2
263	2
264	3
266	2
267	1
268	3
270	2
271	1
272	2
273	4
274	2
275	1
276	3
277	1
278	2
279	4
280	1
281	2
282	4
283	1
285	4
287	1
288	1
289	1
290	2
292	2
293	1
294	2
295	2
296	2
298	3
299	2
300	2
302	1
304	2
306	4
308	2
310	1
311	3
312	1
314	1
315	1
321	2
322	1
323	2
326	1
327	3
329	2
330	1
331	2
332	2
333	2
334	1
336	1
338	1
339	1
340	1
341	3
342	1
344	1
345	1
346	1
349	1
350	1
352	1
353	2
354	1
355	2
359	1
362	1
365	1
366	1
367	1
368	1
370	2
371	5
372	1
373	1
374	1
375	1
379	2
380	1
385	2
386	3
388	1
389	2
390	1
391	1
393	1
394	1
395	2
396	1
399	1
400	1
403	1
405	1
409	3
410	1
413	2
416	1
417	1
421	1
424	1
428	1
431	1
432	2
433	1
436	1
437	1
438	1
439	1
440	2
441	1
444	1
445	1
447	1
448	3
449	1
452	1
456	1
458	1
459	2
462	1
463	1
466	1
470	2
471	1
472	2
474	3
482	2
486	2
487	1
488	1
492	1
493	1
494	1
498	3
499	2
501	1
502	1
505	1
506	1
508	1
510	1
511	1
512	1
516	1
517	2
520	1
521	2
529	1
530	1
532	2
542	1
545	1
548	2
551	2
553	1
555	1
556	1
568	1
569	1
571	1
572	1
580	1
588	1
596	1
600	2
611	1
612	2
613	2
614	1
615	2
616	1
617	1
619	1
623	1
634	1
643	2
649	1
655	1
659	1
665	2
667	1
669	2
672	2
675	1
685	1
689	1
705	1
708	2
721	1
737	1
739	1
741	1
751	1
755	1
760	1
761	1
762	1
765	1
768	1
769	1
772	1
814	1
819	1
844	1
854	1
872	1
875	2
892	1
901	1
910	2
913	1
929	1
930	1
950	1
951	1
959	1
960	1
965	1
1043	1
1063	1
1089	1
1091	1
1111	1
1125	1
1147	1
1156	1
1163	1
1188	1
1201	1
1212	1
1213	1
1217	1
1228	1
1248	1
1253	1
1299	1
1303	1
1304	1
1305	1
1308	1
1314	1
1324	1
1331	1
1336	2
1344	1
1348	1
1408	1
1438	1
1484	1
1499	1
1605	1
2010	1
2013	1
2061	1
2094	1
2095	1
2855	1
2894	1
4037	1
4278	1
6050	1
11596	1
13960	1
26278	1
26625	1
31424	1
31554	1
